137	772	3	17.25
3542	119	3	24.62
104	700	5	17.85
790	111	16	129.93
3047	14	3	9.39
135	172	9	30.46
1239	14	5	11.72
177	107	10	20.1
106	3974	3	24.14
1651	417	5	69.34
114	327	4	10.74
436	12	11	22.47
365	113	5	17.16
146	117	7	6.01
1841	2770	3	51.9
2516	102	3	12.6
173	110	6	7.05
1492	1520	4	63.57
101	1196	5	18.25
142	116	7	4.28
426	376	6	63.11
222	217	3	15.29
130	118	25	60.3
102	2760	4	21.73
106	3717	3	21.93
548	111	3	10.12
115	185	4	4.35
147	201	3	7.89
339	109	3	5.66
2042	14	5	17.03
124	213	3	5.54
1416	106	7	50.59
149	173	6	19.85
257	152	4	16.58
102	1223	3	7.97
5947	511	3	51.2
1171	506	14	244.25
138	121	8	7.55
116	2168	4	29.49
101	363	9	18.33
450	349	5	49.55
57	13	7	15.16
116	527	6	29.86
1233	102	3	7.97
2	620	3	7.99
679	121	4	20.24
388	104	3	3.96
3427	128	4	40.31
102	1676	3	10.1
212	122	8	26.58
16	133	23	57.73
12	333	28	86.39
8	1113	3	18.1
102	965	7	27.73
604	14	7	10.97
103	306	6	8.96
107	1052	5	28.05
9	192	3	4.6
865	106	4	18.42
286	171	3	14.35
9	13	72	391.25
501	199	3	22.01
1582	110	3	16.56
182	171	29	227.38
249	102	9	10.1
2249	12	4	13.96
4946	14	3	12.98
172	153	4	11.44
282	122	3	6.99
248	111	6	15.09
112	136	14	16.84
103	493	3	4.54
13	103	35	42.11
105	1573	5	30.72
12	1143	3	4.62
1019	101	4	10.97
2583	14	3	8.26
101	613	4	7.16
189	324	6	42.72
103	1252	4	15.58
1216	103	4	15.58
184	752	5	44.02
103	1116	4	14.97
216	171	4	17.88
181	215	4	19.32
126	3179	3	26.59
239	12	12	7.68
934	102	3	6.21
12	436	14	35.54
175	126	4	6.58
101	781	3	4.9
252	372	11	111.31
109	394	5	16.38
1262	111	3	15.22
274	665	6	63.73
844	14	4	4.64
305	111	4	9.47
3348	103	3	17.31
660	764	10	148.71
1405	14	3	4.89
118	917	3	14.62
215	1702	5	58.35
2560	189	4	45.86
101	5320	3	21.6
425	453	3	28.62
141	226	4	12.86
13	145	6	9.1
12	1126	13	68.62
102	662	8	27.38
150	1565	3	24
318	102	6	6.29
120	3628	3	24.9
167	138	4	7.52
1121	12	3	4.62
12	1503	3	5.85
102	1002	4	11.39
175	1142	3	25.42
108	221	27	131.31
176	105	20	58.2
109	144	24	52.76
388	148	4	21.19
2	634	3	8.19
428	109	3	7.78
164	12	24	12.62
4753	12	4	24.68
102	1838	4	17.16
4869	295	3	41.83
900	135	4	26.27
219	104	5	3.93
2963	14	4	15.75
404	246	4	32.29
479	111	4	14.4
105	906	3	11.21
149	139	8	19.05
2079	14	3	7.35
2994	14	3	9.39
154	242	4	17.23
151	719	4	27.33
139	554	3	15.71
321	117	3	6.96
358	102	6	7.87
864	108	3	12.07
1691	112	3	17.53
125	135	47	209.68
616	103	3	5.83
102	237	8	6.52
107	5870	3	28.64
102	1431	5	20.65
133	304	5	21.6
423	122	3	10.45
12	1050	4	7.81
124	420	3	11.4
143	310	3	11.13
398	127	4	17.58
579	16	3	12.33
124	553	4	20.34
135	188	4	9.32
274	236	3	18.37
538	123	3	13.26
483	106	3	8.38
118	1115	4	24.08
170	117	13	36.68
152	1441	3	23.69
122	1064	3	16.64
111	212	6	12.55
8	1871	4	31.7
101	1222	6	24.53
111	148	12	17.61
102	481	8	21.42
128	3583	3	27.26
2865	16	5	47.2
264	151	3	10.97
184	1150	4	37.44
486	153	4	25.29
3033	14	3	9.39
117	886	7	46.32
6	5256	3	52.84
102	2766	4	21.73
222	147	4	13.88
102	3945	3	17.5
159	356	3	15.28
101	2811	3	13.45
116	916	4	21.16
169	135	12	46.05
1253	14	6	16.52
102	1197	4	13.04
8	1033	7	55.22
149	142	22	97.01
142	3788	3	28.86
800	101	3	5.13
194	1644	4	41.65
389	123	4	16.26
104	666	4	12.15
261	115	4	8.5
2017	128	5	44.3
455	112	3	8.87
483	119	6	30.22
139	173	3	4.87
6311	123	3	32.93
109	1795	6	44.4
118	363	5	18.75
101	1419	5	20.09
451	246	4	33.42
5695	1206	3	57.13
234	101	30	91.09
140	523	3	15.2
101	3273	3	14.98
141	111	8	4.6
105	1543	4	22.32
712	141	4	25.3
112	102	152	254.25
103	377	4	5.54
227	132	3	7.34
132	377	5	24.93
12	559	6	8.89
12	492	6	7.38
313	145	3	11.41
369	104	4	6.78
2966	111	6	59.24
109	590	5	21.53
104	105	264	813.6
168	122	6	10.47
104	308	13	43.71
136	3546	3	28.04
5170	574	3	52.17
1184	101	5	18.25
186	114	5	7.1
128	382	3	11.37
129	738	3	16.12
121	191	7	17.76
148	451	3	15.46
1900	1420	4	65.63
980	106	3	12.66
16	234	5	12.93
2769	115	4	32.64
150	556	6	43.41
217	12	12	5.35
101	1854	3	10.48
1336	12	3	5.4
855	102	6	19.56
5848	4288	3	67.18
192	153	14	82.65
108	101	141	168.43
203	149	4	13.45
9	103	48	60.93
102	1036	3	7.18
145	149	13	45.24
463	14	6	5
102	960	3	6.51
381	118	5	19.3
920	102	3	6.21
9	261	4	12.05
529	115	5	22.62
931	12	7	19.3
16	2944	3	23.26
101	2133	4	17.93
126	3557	4	39.41
4005	2734	3	58.86
953	162	3	22.81
109	6226	3	28.89
104	502	6	19.52
295	111	11	46.43
704	109	4	16.88
323	198	3	17.78
101	917	8	32.35
16	249	7	23.89
12	203	28	43.52
801	14	5	7.3
201	688	3	23.95
105	430	4	10.79
12	255	10	5.34
103	1195	4	15.58
201	988	3	26.69
1061	410	3	34.06
101	2388	4	19.41
142	1627	3	22.73
104	206	22	69.8
595	161	4	28.33
195	102	12	10.82
1053	12	4	7.81
567	14	10	21.3
1494	14	3	4.89
117	3100	3	22.59
102	840	3	5.66
429	107	3	7.55
13	122	9	10.2
1283	101	6	25.65
2973	14	3	9.39
116	1928	3	19.01
1079	207	3	28.05
631	12	9	22.14
104	3270	3	18.7
114	328	9	38.42
123	421	3	11.37
118	2890	3	22.72
237	104	5	4.69
651	102	3	4.36
1790	222	4	44.61
102	275	11	19.09
105	724	3	9.8
398	112	3	7.73
102	1401	5	20.65
272	104	5	6.6
113	1814	3	17.87
21	2	18	25.14
120	340	3	8.02
197	1134	4	39
107	1434	5	31.55
104	909	3	9.26
1939	14	3	6.59
115	155	6	5.66
383	111	15	86.25
2	160	10	9.3
347	127	3	10.21
8	2268	6	57.08
169	120	4	4.18
12	656	17	70.24
205	2772	3	34.5
136	1406	3	21.32
106	190	8	14.74
138	104	15	6.27
102	1212	5	18.8
780	12	6	12.2
1235	121	4	25.69
1767	113	3	17.87
114	582	3	11.01
103	616	4	9.89
123	241	3	6.48
114	448	4	14.49
111	104	58	58.32
275	110	3	4.67
2309	9	4	34.73
142	109	9	5.53
197	217	4	21.06
2613	840	3	44.89
295	14	33	90.96
16	315	5	17.25
618	324	4	39.89
116	468	12	74.61
2775	112	4	31.92
121	117	11	5.41
171	104	12	14.05
104	466	3	5.41
104	568	3	6.48
151	117	11	18.73
107	1000	3	13.03
108	202	5	6.85
415	102	5	7.28
108	254	5	9.9
101	1689	3	9.77
102	1033	3	7.18
463	111	3	8.98
178	107	15	41.15
253	116	4	8.3
109	3793	5	48.16
101	2081	8	57.61
809	101	4	8.94
145	516	3	15.61
114	697	7	40.99
123	864	3	16.16
1087	1172	11	202.28
119	1875	3	19.94
181	1552	6	66.81
292	135	3	9.67
4384	1675	3	54.96
151	365	5	28.25
109	1128	3	14.07
377	8	3	10.48
1243	135	4	29.5
816	112	3	12.39
120	633	8	51.71
109	438	6	23.93
1056	275	5	56.58
382	215	3	20.41
195	161	6	27.43
2281	14	5	18.7
332	109	3	5.51
1368	101	3	8.11
132	426	6	34.56
639	14	10	24.23
135	111	33	86.28
882	101	4	9.67
110	333	3	5.88
119	162	5	5.62
133	138	13	32.36
325	215	3	18.78
3015	12	3	10.47
146	102	105	322.35
101	1572	3	9.15
875	112	6	35.07
133	1402	3	21.13
118	523	3	11.07
177	122	8	20.61
109	1809	5	34.38
6764	2160	3	61.09
129	1152	3	19.13
107	560	6	27.25
561	148	4	25.3
173	171	3	8.78
193	480	3	21.15
111	106	19	5.82
111	159	6	5.65
213	703	3	24.91
113	682	4	17.96
111	309	6	18.88
2562	363	3	38.83
12	647	11	32.87
867	12	4	6.16
149	112	9	9.53
102	1207	3	7.97
1181	106	3	14.26
1222	101	7	31.39
3688	14	3	10.86
383	14	9	9.08
129	342	4	16.16
102	1190	6	25.2
1045	101	5	16.74
1369	14	3	4.46
1762	14	3	5.95
169	132	3	4.01
1371	199	3	28.4
1986	119	4	29.47
408	680	4	43.59
180	126	4	7.09
500	468	4	42.83
265	433	3	23.8
160	136	12	43.14
101	1161	3	7.25
105	1727	3	15.38
114	549	8	44.79
442	4500	4	67.05
1795	14	7	28.65
123	153	7	12.46
107	256	4	6.42
116	2030	3	19.01
572	108	4	14.87
1127	102	3	7.56
142	513	3	15.27
1267	112	3	15.74
125	250	3	7.04
110	113	32	37.83
104	602	6	21.85
165	127	7	17.32
200	111	5	7.82
592	14	9	17.84
2	2751	3	18.2
460	650	5	58.62
294	101	7	7.37
12	855	17	84.82
117	1616	7	57.69
105	328	10	36.24
137	108	12	9.63
12	495	12	30.46
296	115	3	5.8
6162	12	3	18.51
175	257	5	28.21
515	12	7	10.78
101	825	6	18.91
106	872	3	12
224	529	3	23.55
621	12	4	3.96
161	121	6	8.84
114	724	5	25.96
13	193	3	6.02
102	730	9	34.88
145	351	3	12.38
3282	453	3	43.64
730	103	3	6.67
105	3763	3	20.76
129	1750	4	32.01
2	1846	8	64.27
1962	14	4	11.36
3595	12	3	11.96
1105	115	3	15.33
102	883	3	5.93
113	266	5	12.52
12	300	58	279.49
105	531	3	7.96
102	1703	3	10.1
1443	12	7	27.35
530	101	4	6.03
119	4210	4	41.78
281	116	3	5.66
446	12	6	6.16
112	117	20	15.91
102	598	7	20.31
122	286	7	27.66
102	673	8	27.38
122	115	24	34.99
118	928	5	29.95
104	1562	3	12.71
131	120	8	6.12
718	101	6	16.7
360	122	5	19.72
124	2134	4	32.9
559	103	3	5.3
1370	111	4	23.57
1847	146	3	24.84
1262	14	3	4.07
121	403	3	9.76
549	101	22	119.29
166	3282	3	32.85
105	327	35	228.77
17	102	5	7.65
12	173	61	134.59
164	59	3	7.08
12	125	622	3539.03
132	141	15	42.92
105	504	6	23.44
2863	370	3	40.19
101	1034	3	6.88
2	4591	3	21.97
101	1101	4	12.01
3639	246	3	37.94
300	107	3	4.67
116	426	3	9.14
4648	14	3	12.98
118	808	3	13.7
109	1598	3	16.13
102	2351	3	12.6
151	251	9	50.94
112	365	3	7.11
127	224	13	64.75
12	1492	9	42.31
145	121	7	6.85
145	175	3	5.66
111	196	7	14.52
733	107	3	10.91
657	14	21	93.68
102	422	4	4.55
102	346	7	10.56
2487	14	4	13.94
184	1338	7	78.11
106	308	3	4.86
16	727	3	13.69
106	105	46	42.76
627	14	13	38.3
149	127	7	11.98
479	14	7	7.75
117	1792	4	27.78
2	13	26	35.53
1186	12	5	13.44
2756	15	3	42.71
1032	102	8	36.77
120	352	7	31.1
575	224	4	34.67
109	710	4	16.88
274	162	41	422.91
148	767	12	115.55
135	126	6	4.97
116	728	6	34.04
205	145	3	7.73
2776	115	3	21.91
147	423	3	14.69
133	303	3	9.98
3028	1617	3	50.47
275	1206	8	103.49
143	163	23	123.94
105	833	3	10.6
1623	483	3	37.97
503	131	3	14.04
393	14	23	67.26
188	639	5	43.41
105	2104	4	25.59
583	115	5	23.61
243	102	13	21.95
737	110	5	24.62
105	5244	3	27.45
287	113	3	5.38
264	370	3	22.25
102	215	10	9.26
4800	106	3	24.14
204	136	4	11.01
105	5399	3	27.45
3626	14	3	10.86
108	960	3	12.73
135	285	4	14.8
3917	232	3	39.54
187	169	4	15.44
1365	134	3	20.64
110	203	9	23.32
613	481	4	44.96
322	12	13	18.67
119	220	8	25.76
2819	3211	5	108.95
165	112	34	145.08
105	996	4	18.32
404	252	3	22.59
326	103	6	9.66
109	815	4	17.96
2	294	9	25.47
117	1623	5	36.38
1752	2860	3	51.14
111	282	4	8.64
101	1311	5	19.12
496	121	5	24.23
145	774	4	26.74
102	2186	3	11.62
865	104	5	20.23
140	59	5	10.24
529	12	6	8.25
102	1020	5	16.61
101	1704	4	15.67
113	299	5	14.2
201	1877	3	31.07
762	101	3	4.9
112	447	5	19.53
167	228	7	39.82
103	242	8	10.84
2086	14	3	7.35
4619	14	3	12.98
277	553	4	37.29
12	139	125	256.24
120	2296	3	21.07
116	441	11	64.22
140	1581	3	22.47
186	141	4	9.97
101	2404	3	12.26
944	121	3	15.34
2590	12	3	9.32
120	714	3	13.49
108	1348	3	14.82
4863	14	3	12.98
101	799	6	18.31
356	274	3	22.13
741	648	3	34.76
103	1179	4	15.58
1324	14	6	17.59
711	153	3	19.61
207	9	9	34.91
212	1123	3	28.23
1565	101	4	14.77
13	160	4	6.57
124	1778	6	52.53
105	1580	5	30.72
13	107	12	9.23
1355	14	4	8.13
101	5266	3	21.6
491	106	6	25.33
131	135	12	26.09
5725	57	3	37.34
1535	101	5	21.18
1261	14	3	4.07
118	1100	4	24.08
106	1650	3	16.53
101	2080	7	44.43
122	202	3	4.23
429	102	4	4.69
103	374	6	12.26
1922	108	3	17.34
355	113	6	21.92
2527	12	4	15.4
102	1915	3	10.8
1528	112	9	78.58
101	673	3	4.28
224	363	6	49.55
101	598	9	29.99
384	113	7	29.52
2	926	3	10.26
195	107	5	6.1
101	2351	4	19.41
12	5052	3	18.51
771	114	3	12.61
134	21	8	18.33
101	927	5	14.88
12	141	175	489.75
306	104	7	15.01
1081	441	3	35.21
105	432	5	15.86
103	291	8	14.77
167	110	46	222.55
105	1198	3	13.13
650	150	3	18.13
103	173	17	24.34
1409	132	5	41.3
920	107	4	18.88
425	101	4	4.35
516	122	8	47.9
376	693	3	30.15
102	2164	3	11.62
896	101	3	5.63
1594	14	5	14.47
114	521	4	15.98
123	111	52	153.23
114	387	3	7.97
3165	101	3	13.45
126	346	3	9.83
1029	102	3	6.84
2822	2948	5	103.54
102	2675	3	13.79
731	104	4	12.79
507	1430	5	69.35
12	2621	4	15.4
983	12	4	6.92
206	698	3	24.64
149	239	3	9.88
2336	127	3	24.18
101	346	8	13.14
126	1265	3	19.33
554	207	5	44.46
102	1146	6	24.18
1612	134	3	21.78
105	686	5	20.73
12	1081	3	4.62
105	738	3	9.8
136	1217	5	39.76
110	126	18	20.52
116	723	3	12.58
482	164	4	27.42
116	2098	3	19.87
340	395	3	24.92
279	102	12	22.93
2601	14	3	8.26
3596	14	3	10.86
146	246	3	9.72
145	972	3	19.78
5497	158	3	38.71
2648	14	3	8.26
162	488	8	65.57
1780	14	4	10.38
102	3035	3	13.79
414	2	4	9.11
1079	246	4	42.21
125	205	6	18.24
105	3402	3	20.76
640	9	7	46.75
210	376	13	129.52
2302	417	3	40.21
126	215	4	9.83
112	605	8	45.23
464	110	4	13.85
2385	104	3	15.93
136	1200	5	39.76
101	215	10	8.46
433	110	3	8.31
508	117	3	10.77
1314	861	5	74.54
116	599	4	17.58
444	2	4	9.95
316	111	7	24.51
110	360	3	6.55
596	165	4	29.51
1502	14	8	31.49
126	1332	6	48.74
101	470	5	8.24
514	141	4	22.46
149	256	4	16.19
111	250	3	4.06
111	325	3	5.96
116	3554	3	23.69
2007	12	3	7.61
1123	12	5	12.69
154	113	11	19.98
173	138	3	4.62
102	2780	3	13.79
298	353	3	22.81
105	1215	3	13.13
381	136	6	32.65
3016	14	5	23.65
3798	111	4	34.5
1559	158	4	37.23
2919	3973	3	58.86
1226	108	5	29.73
6453	12	3	18.51
3810	102	4	24.31
134	305	3	10.04
109	334	19	104.72
101	4359	3	17.16
121	130	11	13.65
356	411	3	25.81
201	695	3	24.2
12	301	11	11.33
757	101	3	4.68
164	116	5	5.12
101	1020	3	6.53
150	357	3	13.38
16	2	123	394.82
1360	14	3	4.46
59	926	4	31.83
4943	111	3	25.13
1617	16	4	27.73
105	5115	3	27.45
2618	12	3	9.32
101	4464	3	17.16
102	3286	5	36.58
1530	8	6	50.94
102	5342	3	21.95
131	104	18	8.96
859	110	3	12.38
292	121	7	27.73
112	107	35	37.11
103	525	3	4.83
13	194	4	10.17
1947	14	3	6.59
346	470	3	26.79
1782	12	3	6.94
158	140	8	23.65
121	208	5	11.67
976	14	5	9.15
109	3015	3	20.62
12	290	9	5.9
399	124	6	30.13
102	1689	4	16.12
101	1033	5	16.74
1928	14	4	11.36
4883	14	3	12.98
1697	16	5	38.79
238	118	8	26.83
113	264	10	38.32
136	819	3	17.35
1323	121	3	17.81
231	141	6	24.57
116	1193	10	84.68
406	113	4	13.21
102	2350	3	12.6
107	961	3	12.67
3625	12	4	19.77
421	112	3	8.33
131	121	22	53.02
1645	12	3	6.36
3869	12	3	11.96
2178	1109	4	64.78
112	118	111	427.98
593	722	6	78.02
107	2560	5	39.39
101	2050	3	11.29
487	612	3	31.57
637	146	3	17.54
122	116	22	30.24
1108	2	3	11.72
102	2029	3	10.8
120	607	7	41.95
109	404	5	16.99
168	161	9	41.36
797	132	5	34.08
106	412	7	28.23
133	168	5	10.83
1015	102	3	6.84
1459	104	3	12.14
143	102	29	19.59
223	112	4	6.06
240	359	5	40.05
110	239	4	6.47
667	116	3	12.09
2502	14	3	8.26
139	111	9	6.28
125	196	7	22.03
997	12	3	3.97
114	245	5	11.64
302	113	3	5.84
1354	12	3	5.4
111	132	16	21.41
2210	12	3	8.39
101	1283	4	13.25
126	439	32	313.54
123	126	16	30.41
119	1153	4	24.5
103	647	3	6.03
130	136	35	148.43
2105	1932	6	114.58
1463	14	4	8.79
1846	2	8	64.27
1427	271	3	32.16
734	453	4	45.64
120	353	5	19
2	2926	3	18.2
102	1316	3	8.42
2907	8	5	49.65
106	159	7	6.5
333	113	5	15.4
138	132	9	16.51
357	199	4	27.44
1949	12	4	12.78
105	2131	4	25.59
235	2598	3	34.54
110	406	7	29.51
2	177	6	4.09
424	165	7	54.23
174	137	23	124.73
1798	14	4	10.38
1397	14	3	4.89
2883	172	3	31.75
133	571	5	30.4
190	246	3	14.76
173	244	4	19.96
173	303	3	15.24
111	232	6	13.97
8	1764	10	110.16
552	107	3	9.22
101	1190	3	7.66
102	512	11	38.17
293	102	8	10.6
118	215	8	24.36
113	4520	3	25.51
177	102	12	7.5
120	1593	3	18.8
125	231	3	6.45
3443	1413	5	98.05
156	12	21	4.7
2270	12	4	13.96
123	360	4	15.25
214	105	17	57.95
1292	103	3	10.3
109	2284	3	18.39
12	896	16	79.09
956	103	3	8.31
4543	101	3	17.16
128	602	4	22.21
2	370	3	4.52
311	388	3	23.95
110	256	5	10.89
409	104	7	21.11
135	113	8	4.06
230	135	4	12.22
101	730	8	27.94
258	104	6	8.4
842	8	3	15.94
102	1924	4	17.16
105	236	4	4.43
12	390	29	111.31
439	8	3	11.86
216	116	4	6.55
438	16	5	22.32
4953	101	3	17.16
367	246	4	30.99
2146	9	7	71.47
108	1349	4	22.37
151	355	3	13.43
101	5265	3	21.6
249	107	7	17.68
14	2	192	46.65
227	104	9	15.83
122	128	11	13.39
2486	12	5	22.66
102	825	5	14.36
13	161	4	6.57
112	193	6	10.4
145	135	5	5.91
178	117	7	14.18
337	175	3	16.33
107	871	5	25.49
108	276	11	41.28
157	258	3	12.14
12	3770	3	11.96
262	14	16	16.27
109	155	29	95.25
101	883	4	9.67
8	557	3	13.53
980	135	3	18.51
3176	1512	5	99.19
342	147	3	12.65
507	8	3	12.8
2417	112	3	20.14
142	286	3	10.33
1519	106	6	42.19
951	14	5	8.64
136	264	3	8.99
2706	146	3	27.96
3046	134	4	38.55
922	14	5	8.64
6621	2	3	26.44
1905	14	3	6.59
140	3164	3	27.02
413	111	7	30.44
116	2169	4	29.49
6509	15	3	51.02
465	102	4	5.47
116	1096	3	15.54
311	199	4	25.82
2547	12	3	9.32
832	162	11	114.26
120	211	3	4.41
372	8	7	36.08
187	110	9	19.87
105	806	4	16.11
149	478	6	40.73
6870	14	3	17.37
165	14	32	21.17
903	9	10	84.53
146	118	11	17.22
5783	5277	3	71.68
140	927	3	18.83
125	121	36	107.92
139	213	4	12.13
106	1845	3	17.27
3919	12	3	14.1
140	4822	3	30.83
500	734	3	33.12
1591	14	6	20.15
343	5399	3	47.65
2984	105	3	19.19
671	118	5	26.47
118	1084	3	16.13
305	153	5	26.95
1733	2649	4	72.17
172	3710	3	33.33
3891	207	3	38.54
649	14	5	5.57
128	105	30	48.95
128	308	3	9.51
12	4855	4	24.68
4562	12	3	14.1
126	1892	3	21.89
175	182	4	15.65
155	180	3	8.08
106	717	3	10.65
363	110	3	6.83
2203	12	3	8.39
102	1854	3	10.8
3908	252	3	40.35
2629	14	3	8.26
262	111	4	7.85
121	297	4	11.72
2	619	4	12.88
1212	101	8	38.82
104	382	5	10.74
116	1295	4	24.6
106	3268	3	21.93
7	7	8	70.65
162	2492	5	56.65
253	12	11	7.18
5290	6055	3	71.68
615	104	4	11.56
1956	12	3	7.61
167	289	6	36.86
12	3864	4	19.77
249	566	3	25.05
126	2306	3	23.77
9	123	11	13.92
102	2133	3	11.62
1789	14	4	10.38
1040	396	6	77.44
573	310	3	27.05
213	246	5	32.46
435	14	16	39.78
136	804	4	25.61
2528	14	5	20.8
113	149	61	286.34
1374	165	3	26.05
201	763	3	24.73
119	958	13	114.7
104	2837	4	26.25
470	14	6	5.23
16	181	7	15.79
2563	14	4	13.94
597	290	3	26.82
16	283	4	11.01
1146	349	3	32.85
109	318	6	17.88
215	728	5	47.67
109	143	27	63.64
300	102	6	5.69
128	502	4	20.64
530	115	3	10.47
862	119	3	14.61
281	12	8	3.85
754	121	3	13.88
121	145	17	41.21
180	1080	3	25.88
168	296	4	21.63
12	4688	3	14.1
121	464	5	23.4
137	122	11	16.11
1638	14	4	9.53
5176	14	3	17.37
1925	103	3	12.74
570	14	14	40.31
2137	103	4	21.02
101	704	15	74.94
248	153	3	11.22
104	3745	3	18.7
12	1127	10	43.07
13	210	5	16.45
102	815	3	5.41
172	111	16	46.88
305	112	3	5.62
1173	119	4	25.14
108	424	4	12.3
431	104	4	8.52
141	182	3	5.64
221	220	5	31.04
146	193	5	16.76
890	104	3	8.96
1532	119	3	18.53
1588	102	5	21.74
114	236	3	4.04
130	447	3	13.06
204	118	31	175.97
177	151	4	11.17
110	14	115	24.75
116	734	4	19.16
101	3070	4	21.27
107	1540	5	32.68
427	153	3	16.26
109	976	8	52.5
115	528	5	22.62
115	453	5	20.64
101	275	27	92.18
357	388	5	47.42
236	104	9	16.78
728	112	7	40.46
133	110	58	208.9
644	102	5	11.86
12	1049	3	4.28
508	102	5	9.44
184	147	7	26.47
633	12	6	10.38
106	247	5	9.54
710	143	3	17.48
159	2662	3	30.52
913	108	8	50.87
109	2547	3	19.4
1452	102	4	14.41
149	140	8	19.16
2219	14	3	7.35
121	718	3	13.63
1975	14	5	17.03
3991	5505	3	67.18
3098	14	3	9.39
115	276	4	9.14
102	4888	3	17.5
691	114	5	25.1
101	4098	3	17.16
397	105	9	36.46
1940	14	4	11.36
3131	14	4	15.75
101	1212	9	46.84
111	266	4	8
123	188	4	7.38
345	739	3	29.68
636	106	9	51.84
123	140	12	23.73
1049	107	4	20.39
159	109	38	152.65
4553	14	3	12.98
106	471	7	31.03
2534	12	3	9.32
101	1418	3	8.6
336	161	5	29.71
464	12	10	20.01
129	1199	3	19.59
130	462	5	27.49
159	1371	3	24.81
696	101	6	16.7
197	134	8	30.82
159	1326	5	47.45
244	784	4	38.29
2273	14	3	7.35
160	328	3	14.54
354	8	3	9.76
101	1223	3	7.66
1636	12	4	10.91
238	755	4	37.45
379	400	3	26.32
138	263	4	14.32
119	504	4	17.24
257	117	5	13.15
201	199	11	78.69
109	643	7	36.85
1130	14	4	7.01
290	107	3	4.36
12	306	11	11.78
271	103	5	4.81
1303	101	3	8.11
136	1902	3	23.34
101	965	3	6.21
134	168	9	29.29
134	12	76	75.53
104	412	4	7.88
862	106	3	12
108	302	4	8.32
2905	119	3	23.05
387	104	3	3.96
152	879	3	20.31
244	132	5	18.27
2919	3972	3	58.86
102	2334	4	19.86
759	789	4	50.39
1572	14	5	14.47
337	149	5	26.59
104	3991	3	20.9
101	1736	3	9.77
150	1265	3	22.86
3166	111	5	43.97
103	451	4	7.12
114	686	6	32.51
132	1347	4	30.05
153	137	6	12.48
101	1990	3	10.48
6854	111	3	29.61
102	613	7	20.82
198	220	4	21.48
163	209	3	11.1
1353	12	3	5.4
141	307	4	16.65
107	723	6	30.6
116	1583	3	17.61
141	157	6	14.48
859	12	10	33.66
901	102	3	5.93
346	199	7	55.81
5819	106	3	28.62
395	108	3	6.9
105	342	5	12.17
132	376	20	161.7
1468	14	3	4.89
296	124	3	8.22
12	493	16	51.14
101	763	7	23.02
1201	101	8	38.82
102	1893	4	17.16
159	763	3	21.07
2082	16	4	31.02
1406	14	3	4.89
585	525	3	31.89
195	163	4	15.78
128	16	8	5.47
150	215	11	61.05
102	2112	3	11.62
105	220	9	20.47
113	434	4	14.09
207	112	4	5.51
916	12	4	6.52
118	2170	3	20.48
141	153	10	31.33
8	3756	3	26.3
1377	14	3	4.89
3600	14	3	10.86
234	144	9	45.84
1266	101	3	8.11
359	120	3	8.56
192	111	11	30.53
108	144	48	165.72
109	1447	3	15.54
178	102	46	133.6
12	1480	3	5.85
2257	12	3	8.39
1149	12	7	23.21
430	834	3	32.7
212	102	14	20.03
927	106	5	26.05
102	1806	4	16.12
101	918	3	5.91
1098	12	4	8.31
101	1002	3	6.53
449	135	3	13.41
105	370	4	9.12
107	1691	4	24.83
121	122	24	45.21
1197	146	3	21.77
116	576	8	46.58
109	221	6	11.83
134	216	3	7
102	1297	3	8.42
101	357	6	7.34
101	558	4	6.45
1025	14	6	13.91
6431	12	3	18.51
215	213	3	15.01
109	627	7	36.28
12	4611	4	24.68
169	175	4	14.15
119	4126	3	26.84
222	164	7	38.99
1231	14	5	11.72
123	14	68	18.96
486	111	3	9.28
114	380	4	12.64
264	235	3	17.9
445	114	3	9.2
136	189	10	41.02
390	101	15	48.24
265	519	4	35.94
160	118	5	5.07
275	109	3	4.32
126	409	31	287.47
113	684	3	11.71
126	357	4	15.58
102	378	10	24.45
2875	101	3	13.45
146	107	24	53.63
254	139	11	61.15
104	3373	3	18.7
109	3602	3	22.19
622	411	3	30.44
101	1431	6	26.9
119	5737	3	31.33
4192	106	3	24.14
348	358	3	24.17
3179	441	3	43.48
139	140	17	56.31
109	934	5	26.49
135	166	3	3.97
110	188	5	6.27
301	121	11	54.63
129	448	3	12.86
12	1015	6	15.97
598	101	4	6.92
101	237	9	8.1
165	9	10	29.72
118	1615	3	18.21
105	1044	3	12.28
12	644	4	4.18
12	6833	3	18.51
867	14	4	4.96
643	103	3	6.03
102	1284	4	13.69
116	4360	3	25.91
1946	14	4	11.36
1657	469	3	38.47
111	107	33	31.92
150	1734	3	24.67
1860	12	3	7.61
246	1320	10	135.57
102	2877	3	13.79
269	128	3	8.46
162	152	6	18.37
871	108	5	25.59
104	1922	5	30.04
125	161	11	32.49
177	121	4	5.38
102	5174	3	21.95
107	110	27	17.28
119	1575	7	58.76
4968	101	3	17.16
150	1928	4	36.81
5378	6005	3	71.68
492	1017	4	49.61
109	2257	3	18.39
3832	111	3	22.91
101	242	12	16.75
106	447	5	17.92
165	116	8	14.09
1567	102	3	9.47
115	345	4	11.47
301	117	3	6.52
658	162	10	95.63
1191	2147	3	46.54
17	135	3	13.12
1144	102	3	7.56
107	2094	5	37.2
148	221	6	26.23
118	1718	4	27.96
109	435	3	7.91
109	479	3	8.47
418	109	3	7.65
116	1416	3	17.01
3236	101	4	23.85
102	640	7	21.36
3006	119	3	23.05
153	182	3	7.8
207	12	25	36.16
153	113	15	33.95
2303	162	3	29.44
1087	1171	11	202.28
1075	12	3	4.28
2061	112	3	19.13
1321	119	3	17.39
452	108	12	65.77
2954	101	4	21.27
571	107	5	20.78
625	148	14	133.22
1107	101	3	7.25
116	469	5	21.49
121	232	7	22.8
3624	14	3	10.86
102	3440	4	24.31
109	226	10	29.61
1818	116	3	18.27
101	929	3	5.91
295	12	11	10.89
16	312	5	17.11
144	220	4	13.25
306	102	11	21.84
277	424	3	24.07
883	12	4	6.16
109	273	5	11.43
2395	5249	3	62.12
116	556	3	11.04
104	2855	3	17.14
12	101	282	22.08
350	189	3	17.83
1430	2	3	13.17
105	583	8	38.88
1458	134	4	30.95
8	526	3	13.16
1219	103	3	9.83
127	101	125	307.1
345	2	3	3.94
12	1368	11	56.89
145	163	4	8.34
119	3524	4	36.79
151	195	3	7.95
406	110	3	7.68
163	250	4	19.19
1165	918	3	40.56
1192	12	3	4.99
248	137	13	74.62
303	153	3	13.1
112	105	105	273.27
161	122	5	6.22
13	133	5	4.56
12	1265	3	5.4
126	646	7	47
189	122	4	6.37
8	333	3	9.12
101	646	5	11.35
642	165	4	30.13
515	14	17	51.99
369	107	3	6.33
2481	14	3	8.26
104	102	132	58.05
120	791	4	21.09
395	104	6	15.57
101	2441	4	19.41
307	104	5	7.93
592	12	5	6.15
2059	128	3	23.42
223	115	5	10.18
143	121	6	4.36
110	287	6	17.03
1062	14	4	6.53
1106	14	6	15.57
139	185	6	19.25
6024	101	3	21.6
3972	999	4	74.72
104	2087	5	31.79
125	251	4	11.55
101	1483	3	8.6
122	609	3	12.92
687	102	6	16.85
111	208	4	5.48
410	12	6	5.14
123	202	3	5
228	121	28	169.27
447	111	4	13.8
117	1796	5	37.66
116	928	10	75.21
115	258	7	21.35
575	101	9	29.32
554	159	3	19.2
101	511	10	31.52
225	4720	3	39.17
608	123	4	20.85
1762	12	3	6.94
6	3574	3	46.11
334	251	3	20.45
1999	14	7	31.22
287	116	3	5.72
1108	3370	3	49.93
4464	2405	4	83.71
517	103	3	4.83
117	2503	3	21.36
3674	12	3	11.96
393	12	11	18.83
2084	2823	3	52.77
868	110	3	12.68
379	192	6	46.68
240	409	3	22.25
2866	5232	3	63.36
170	120	4	4.18
400	111	8	36.32
104	622	4	11.56
2070	14	3	7.35
3001	14	3	9.39
147	14	42	15.62
131	1818	3	22.13
1217	108	6	38.41
102	1178	3	7.97
109	2610	5	39.82
218	1212	6	67.78
3439	12	3	11.96
479	12	14	38.61
3555	106	4	33.18
124	59	9	21.6
354	112	3	6.73
532	102	4	6.4
111	130	15	17.64
154	59	3	5.96
184	1341	6	64.36
982	14	8	22.72
376	101	17	58.66
269	109	3	4.16
2345	14	3	8.26
321	120	4	12.27
127	221	6	20.45
13	578	3	15.5
1121	111	11	91.31
238	16	3	5.23
133	1691	3	22.4
145	122	52	243.63
392	142	3	13.13
102	930	3	6.21
12	3679	4	19.77
335	106	3	5.29
126	2371	3	23.77
504	660	6	74.88
905	1219	5	74.2
119	2313	6	56.95
121	250	3	5.78
1125	102	3	7.56
373	115	4	12.53
12	170	184	919.54
12	124	86	66.63
132	144	18	60.63
323	101	16	43.44
16	294	4	11.38
215	4328	3	38.78
137	232	5	18.02
806	14	4	4.34
106	860	3	12
2	2372	4	25.77
101	641	8	25.84
168	309	3	14.9
338	12	7	4.34
4900	12	3	14.1
292	102	11	20.52
101	3260	3	14.98
12	1234	4	8.86
446	14	18	50.61
1047	101	3	6.88
1768	14	4	10.38
102	810	5	13.89
141	137	11	26.61
1220	101	3	7.66
129	1785	3	21.89
504	1674	4	54.93
163	232	3	12.04
377	14	13	21.22
2142	119	3	20.8
2751	1430	4	70.35
2211	12	5	20.54
1169	703	3	38.79
103	347	4	4.55
144	349	3	12.36
101	796	6	18.31
175	171	5	19.95
2464	104	3	15.93
356	199	6	46.27
367	165	7	50.54
148	101	28	21.93
104	136	87	281.27
168	149	4	9.73
721	9	3	15.27
3173	274	3	39.06
171	176	4	14.66
273	163	4	20.48
16	268	8	31.58
202	470	6	52.23
101	1052	4	11.47
1350	106	5	30.53
199	113	4	5.24
1224	102	5	18.8
217	126	4	9.83
475	108	3	8.29
116	1282	3	16.48
203	122	5	11.51
173	301	3	15.07
123	287	3	7.91
102	467	5	8.71
2035	14	3	6.59
253	745	3	26.79
293	104	4	4.44
2342	2380	5	97.6
647	113	4	17.65
719	12	4	4.66
180	238	3	13.68
115	291	4	9.58
326	104	6	11.98
174	3082	3	31.92
489	119	10	62.25
684	12	7	14.67
1128	14	7	20.71
312	131	3	9.9
569	111	3	10.3
385	153	5	30.41
101	426	4	4.35
101	375	16	52.37
322	14	18	30.82
105	667	7	34.17
800	127	3	16.33
106	462	9	44.28
1469	435	3	36.57
104	636	9	42.28
170	135	21	104.25
108	1808	3	16.6
126	5853	3	33.3
135	227	3	7.44
125	117	19	30.43
125	229	3	6.31
191	140	4	10.33
709	132	3	16.32
139	254	3	8.98
104	3391	3	18.7
146	120	12	22.47
214	107	10	27.46
574	103	4	9.37
1033	9	7	55.63
101	1389	5	20.09
107	1898	3	17.28
505	101	6	12.74
1187	109	3	14.52
1346	14	3	4.46
140	1111	3	20.37
175	286	3	14.93
129	2253	4	34.36
101	616	6	15.33
1404	5474	3	58.18
384	12	7	6.31
374	102	6	8.92
122	188	6	13.61
2450	126	3	23.77
122	140	10	14.13
102	708	3	4.75
1355	110	3	15.44
105	1576	3	14.72
112	190	4	4.07
167	374	3	16.68
3132	14	4	15.75
107	731	3	10.91
4591	2	4	35.26
157	253	5	25.17
140	242	4	13.6
855	135	4	25.84
2600	126	3	23.77
1714	12	5	17.45
580	119	4	18.5
2869	12	3	10.47
104	2820	3	17.14
645	102	5	11.86
488	1572	4	53.5
176	1528	9	112.08
910	109	3	12.58
346	411	3	25.6
104	447	9	33.91
569	14	6	7.12
149	124	5	5.02
12	629	14	48.88
235	601	3	24.84
59	133	8	21.3
138	122	7	5.66
710	14	8	16.91
1513	165	3	26.65
147	256	3	10.07
115	182	5	6.62
1147	102	3	7.56
169	102	19	19.16
110	572	4	15.68
142	182	6	19.08
142	113	47	174.83
605	363	7	81.41
3061	101	3	13.45
836	109	3	11.96
101	1299	4	13.25
111	122	23	28.6
160	105	32	103.03
1672	14	3	5.95
1104	101	3	7.25
2529	14	3	8.26
289	111	5	13.03
111	371	5	16.75
1120	101	4	12.01
2646	14	3	8.26
1790	14	3	5.95
1408	2	6	36.4
112	4665	3	25.16
156	112	6	5.27
129	1339	3	20.09
181	2098	5	57.69
2484	117	3	21.36
1496	104	4	18.78
201	411	4	29.6
112	2054	5	38.88
116	2426	3	20.89
165	101	26	35.18
102	1600	3	9.47
138	371	3	12.09
110	101	54	9.13
329	122	3	8.16
106	2651	3	20.36
389	2	3	4.8
181	599	3	21.7
101	2936	3	13.45
109	978	3	12.92
1456	14	7	24.79
2224	111	4	28.45
1722	109	3	16.79
6329	14	3	17.37
101	332	12	26.82
272	13	3	9.38
102	1508	6	27.58
144	1848	3	24.47
2544	121	3	22.23
123	589	3	13.65
846	121	6	38.55
8	3262	3	26.3
130	382	4	17.82
4207	109	4	38.52
386	134	3	12.11
3582	14	4	18.27
197	262	10	78.24
107	440	6	23.74
102	2644	3	12.6
233	137	3	7.94
420	142	4	20.85
886	101	5	14.34
210	144	7	29.91
160	206	4	16.24
102	410	11	31.71
111	343	3	6.44
4596	12	4	24.68
167	776	7	64.3
499	161	4	26.79
254	1264	3	30.82
1156	113	3	15.14
108	3348	3	22
2	133	32	52.16
196	122	3	3.95
116	869	4	20.72
114	4075	3	25.68
1032	105	3	12.28
101	887	3	5.63
106	603	3	9.78
120	1061	3	16.3
1112	110	3	14.5
116	363	6	23.52
566	102	6	14.74
2811	12	3	10.47
335	104	4	5.47
108	224	4	5.14
536	102	9	28.43
151	211	3	8.95
661	12	4	4.41
286	140	4	15.66
109	3827	4	33.54
114	862	3	13.48
213	165	6	31.02
2025	14	3	6.59
113	151	20	49.89
114	667	4	18.18
161	107	8	9.02
112	120	40	82.84
1255	14	4	7.54
4536	14	3	12.98
1363	111	3	15.71
13	212	3	7.15
102	661	4	8.09
113	403	7	30.68
540	101	4	6.24
318	2	4	6.21
131	117	13	16.67
1520	106	4	23.87
4494	110	3	24.85
341	199	5	35.95
118	1000	6	40.08
3231	2467	3	55.39
506	8	6	34.23
425	527	3	29.82
3883	3907	3	62.68
504	1005	4	49.85
195	135	7	24.74
239	141	3	8.53
1775	12	5	17.45
3031	14	3	9.39
369	122	3	9.28
202	237	4	22.63
117	529	3	11.12
461	113	3	9.33
102	2332	3	12.6
103	335	4	4.09
112	350	3	6.64
145	107	11	9.81
2204	14	4	12.52
1336	14	10	44.19
217	14	14	5.77
101	1853	9	64.81
502	103	6	16.95
189	431	3	20
3142	14	3	9.39
211	859	4	37.18
757	111	4	18.15
597	101	4	6.92
364	1509	3	34.9
101	911	6	20.22
16	160	8	15.14
121	190	4	6.18
121	266	4	10.48
1841	2105	3	49.63
168	121	5	6.98
256	104	6	8.4
126	3276	3	26.59
129	991	3	18.32
121	384	6	26.79
241	109	4	6.12
150	242	4	15.53
102	2015	3	10.8
101	761	6	17.74
2723	101	3	13.45
175	201	9	54.46
8	1	4	7.44
1234	292	3	31.71
172	287	3	14.59
166	672	24	304.74
270	188	4	23.17
109	1149	7	46.84
2155	3055	3	52.77
151	384	3	14.18
292	117	4	10.48
179	102	12	7.58
583	14	6	7.44
102	2920	3	13.79
142	407	3	13.5
5562	4949	3	67.18
2776	14	3	9.39
1873	103	3	12.74
450	190	4	29.32
102	1554	5	21.74
200	12	17	11.91
8	640	7	46.34
143	180	5	14.31
124	424	5	24.36
469	272	3	24.76
144	839	5	36.87
138	145	7	12.6
133	436	8	51.57
184	595	4	31.31
950	12	7	19.3
3982	6077	3	67.18
760	207	3	25.26
2519	14	5	20.8
2929	101	4	21.27
12	2593	7	43.19
817	14	4	4.34
104	1833	4	21.61
397	118	7	32.67
232	360	3	20.5
12	3149	3	10.47
101	1269	3	8.11
136	220	3	7.33
111	209	5	8.65
111	145	12	15.01
1282	12	3	5.4
733	121	6	36.71
102	480	4	5.64
2020	1756	3	48
283	102	7	7.42
915	12	15	73.37
103	2515	3	14.56
361	161	12	97.27
142	112	11	11.51
1968	12	4	12.78
3095	12	3	10.47
123	101	33	8.36
780	14	4	4.06
319	176	3	16.12
541	290	5	49.23
12	2034	3	7.61
126	359	32	277.04
12	711	4	4.66
174	153	30	209.83
124	137	8	9.83
284	122	3	7.05
211	514	3	22.75
727	1326	3	39.55
138	163	12	45.91
106	136	37	95.05
147	126	5	4.89
465	121	3	11.11
12	2608	3	9.32
128	1045	4	27.39
215	395	12	119.48
246	159	3	12.12
110	337	5	14.69
294	153	8	50.02
102	1398	8	43.47
16	1011	3	15.85
106	596	3	9.78
236	191	3	14.36
146	105	44	132.55
1477	109	3	15.54
105	1902	3	16.12
365	237	4	30.29
132	1637	8	79.27
344	107	4	9.5
237	103	8	10.38
727	109	4	17.22
125	102	125	300.46
130	412	4	18.8
877	126	5	33.14
116	1931	5	38.35
1142	113	3	15.14
102	707	7	22.51
153	173	3	7.05
1635	12	3	6.36
1111	108	3	13.88
788	106	5	23.93
2272	14	5	18.7
320	107	3	5.08
3395	14	3	10.86
1164	14	5	10.99
671	105	8	41.49
101	3303	5	36
360	149	3	13.47
107	597	5	21.48
151	428	6	39.27
2899	14	3	9.39
1053	14	7	19.62
109	1132	8	56.46
140	426	3	13.78
187	690	3	22.89
107	2029	3	17.28
816	101	6	18.31
1131	14	5	10.99
310	109	3	5.07
128	118	111	593.18
101	744	5	12.49
102	1910	4	17.16
405	123	5	23.39
137	211	3	7.19
112	1532	3	16.87
434	12	12	26.59
106	696	3	10.65
15	396	19	268.58
151	120	6	5.75
102	2381	3	12.6
584	101	4	6.68
113	229	5	10.34
101	1836	4	16.71
392	113	4	12.74
114	1039	4	22.38
127	202	4	9.52
337	108	3	5.5
1973	134	3	23.21
178	120	11	33.68
2232	14	6	25.96
102	911	4	10.49
253	14	12	6.39
113	235	4	7
103	155	14	9.9
1956	14	4	11.36
2611	440	5	75.57
103	304	6	8.96
625	132	4	23.23
244	108	4	6.16
792	113	4	18.99
2629	12	3	9.32
121	104	41	41.63
16	194	11	37.74
212	120	5	11.73
105	418	9	38.51
109	2964	3	20.62
3396	5433	3	64.95
313	120	3	7.45
254	2045	3	34.27
1440	169	6	62.92
990	14	4	6.09
316	778	3	29.11
649	12	6	10.38
195	121	5	10.26
524	102	5	9.7
600	162	13	129.61
116	1552	4	26.2
163	121	5	6.62
102	761	4	9
113	355	6	21.92
161	151	3	5.19
462	109	3	8.32
2175	101	4	17.93
1891	101	3	10.48
214	296	3	18.03
214	102	30	85.84
179	13	4	8.78
116	4480	4	40.53
190	352	4	26.18
133	256	3	8.4
280	101	9	12.11
3862	14	3	10.86
101	4944	3	17.16
135	124	7	6.74
187	156	6	25.57
444	131	3	13.09
115	285	9	35.04
180	101	13	8.68
1776	14	3	5.95
117	1688	6	48.35
107	1310	4	22.29
102	3965	3	17.5
1791	134	3	22.45
3602	14	5	28.94
102	1269	4	13.69
113	2021	5	37.68
4010	4130	3	62.68
102	457	4	5.14
1109	1374	3	43.17
466	5486	3	50.69
210	101	16	24.56
814	14	12	40.3
142	226	7	30.54
117	866	3	14.16
304	111	3	5.59
3986	101	3	17.16
107	373	10	44.89
1470	14	5	13.44
107	2828	3	20.37
114	562	3	10.82
173	203	5	24.12
123	137	12	22.45
1702	272	4	47.55
101	4015	3	17.16
101	6087	3	21.6
182	897	3	24.06
162	123	5	7.65
1940	12	3	7.61
250	102	8	7.58
142	126	5	3.97
1347	12	3	5.4
110	347	5	15.15
419	224	9	86.78
110	423	4	12.91
101	2892	4	21.27
437	121	11	68.53
219	102	10	9.71
120	349	6	24.78
104	993	4	15.66
434	643	3	31.24
159	2663	4	44.15
59	181	3	8.34
424	207	4	30.86
114	1170	7	51.08
404	165	7	52.89
787	14	6	10.27
351	310	8	78.13
688	207	3	24.48
362	109	3	6.36
223	101	8	4.94
143	105	11	6.55
246	132	4	12.98
1141	113	3	15.14
110	12	86	11.79
107	1402	3	15.29
120	245	13	60.19
115	377	4	12.68
5574	5694	3	71.68
528	110	3	9.68
104	5198	3	25.37
104	1498	4	18.78
109	1279	4	22.62
141	185	3	5.97
292	107	3	4.48
1327	115	3	16.27
122	291	4	11.69
101	2114	5	25.58
374	145	3	13.11
102	744	4	8.68
101	1978	4	16.71
149	899	6	49.36
137	175	3	4.85
285	104	4	4.22
101	707	4	7.98
685	111	4	17.48
104	118	43	39.04
2	1091	3	11.72
715	103	3	6.44
3351	109	5	48.16
624	205	3	23.79
116	540	16	118.15
2988	5812	3	63.36
121	148	7	8.26
342	108	3	5.66
2474	8	4	34.49
109	3131	4	30.92
470	12	5	4.34
101	886	5	14.34
102	1836	3	10.8
1789	12	3	6.94
722	106	9	54.41
435	12	8	11.64
113	152	91	518.94
224	1586	3	30.74
425	127	3	12.24
126	2305	3	23.77
1238	14	3	4.07
259	116	3	4.92
105	341	18	90.39
124	1054	3	17.63
137	164	3	4.14
241	110	6	14.07
101	828	6	18.91
102	1894	5	24.43
267	14	17	19.81
134	344	3	10.97
140	391	4	19.48
127	2712	4	37.34
131	107	21	30.6
626	653	3	33.78
182	142	24	143.27
431	122	3	10.72
859	14	4	4.64
1969	14	3	6.59
1306	108	3	14.82
153	140	5	9.38
102	735	3	4.96
402	102	4	4.03
213	546	3	23.36
102	616	6	15.95
119	1783	3	19.19
309	117	3	6.74
12	1370	3	5.4
155	1273	3	24.25
145	161	7	20.52
102	989	4	11.39
113	277	4	8.91
108	242	6	12.97
1215	14	3	4.07
176	118	19	74.49
134	14	172	369.3
109	271	21	107.95
226	109	11	34.59
116	491	3	10.16
117	1145	3	16
5070	5297	3	71.68
116	357	7	28.63
12	305	13	17.43
104	2849	3	17.14
492	12	7	10.43
1601	12	3	6.36
12	110	79	6.71
1816	112	3	17.53
101	912	11	53.8
196	245	3	15.33
454	140	3	14.21
347	115	3	7.02
872	123	3	16.16
147	113	9	9.32
2134	106	3	18.12
465	135	4	20.83
147	182	3	6.51
1103	102	4	12.44
8	947	19	209.55
751	142	3	17.61
3511	14	3	10.86
534	14	5	4.06
130	2943	3	25.98
936	103	3	7.99
111	146	18	36.13
282	904	3	29.38
1636	14	4	9.53
103	629	3	5.83
123	216	4	9.39
458	131	3	13.39
130	206	6	20.42
1316	8	7	59.19
140	692	3	16.85
386	147	3	13.81
156	126	5	7.51
232	113	12	45.13
748	121	18	163.89
315	138	4	16.35
177	195	3	11.53
102	285	6	5.04
846	299	5	54.57
179	163	9	46.38
547	107	4	14.55
464	14	11	20.47
450	189	5	38.96
104	4456	4	33.83
2658	165	5	60.51
149	394	4	21.46
12	1069	5	12
196	349	3	18.5
672	789	4	49.69
329	102	7	9.65
849	121	8	56.94
143	132	5	5.53
126	1372	4	29.19
115	493	3	9.97
372	14	12	17.44
109	983	3	12.92
389	134	7	40.32
4048	1849	3	55.72
125	163	23	105.12
2122	101	3	11.29
156	183	4	13.29
854	102	3	5.66
875	12	5	9.76
101	1508	3	8.6
102	332	17	51.67
123	12	55	14.05
609	108	3	9.84
173	113	6	8.04
1059	119	4	23.91
951	222	8	90.54
111	102	116	140.72
150	1672	3	24.67
104	1849	6	39.38
742	109	4	17.22
246	1118	5	55.46
233	101	8	5.73
130	105	60	178.78
996	158	4	33.12
116	1084	7	50.32
2372	12	5	22.66
105	938	3	11.21
867	112	4	19.74
138	102	54	75.89
256	399	3	22.52
121	218	3	4.67
102	5626	3	21.95
181	441	4	28.46
1649	12	4	10.91
121	175	8	19.18
2016	128	4	32.97
109	224	4	5.34
300	135	9	49.38
679	102	3	4.55
827	112	5	26.59
894	362	3	31.38
120	2238	3	21.07
101	1837	3	10.48
167	301	4	21.78
103	185	15	23.45
1149	14	5	10.99
571	102	4	6.83
108	213	5	7.67
157	334	3	14.39
1770	12	3	6.94
118	1096	3	16.13
172	335	3	15.81
837	127	3	16.62
263	151	3	10.91
122	142	23	67.65
13	174	3	4.64
303	14	15	19.29
949	14	9	26.96
101	661	13	58.3
277	116	5	13.76
137	148	4	4.53
121	427	3	10.39
159	760	3	21.07
256	211	3	16.56
3739	5834	3	64.95
2518	12	3	9.32
195	104	6	4.33
146	247	3	9.72
344	102	6	7.4
101	1435	5	20.09
177	174	7	34.41
125	107	32	59.54
2231	14	5	18.7
141	644	5	33.22
116	2097	3	19.87
4850	14	3	12.98
126	3116	4	36.79
104	770	6	24.84
205	120	3	4.13
187	172	11	65.91
110	335	3	5.88
12	645	9	22.84
699	119	3	13.22
106	277	4	7.36
102	1209	5	18.8
59	211	3	10.41
878	104	3	8.96
105	2331	3	17.97
4878	2454	4	83.71
180	116	4	4.11
1831	101	4	16.71
983	14	4	5.68
117	1644	6	46.66
107	491	13	77.47
102	2674	3	13.79
1018	14	4	6.09
447	153	3	16.55
197	179	5	24.58
348	101	6	7.18
1874	115	6	48.97
664	119	3	12.98
103	678	3	6.23
104	3566	3	18.7
1506	206	3	29.47
111	108	21	8.76
101	1178	3	7.66
4651	121	3	27.26
496	102	5	9.19
8	1760	10	110.16
113	680	5	24.82
317	1508	3	33.42
571	108	5	20.88
1266	112	3	15.74
101	3470	3	14.98
314	126	4	14.26
203	102	11	10.26
151	231	14	88.68
157	138	5	9.89
584	110	4	15.95
102	1098	3	7.56
16	1410	3	18.15
133	1718	4	32.68
122	407	3	10.07
102	1031	3	7.18
4096	4407	4	93.27
178	105	17	44.57
12	1484	8	34.45
266	16	4	10.24
127	144	15	41.61
101	930	3	5.91
16	210	4	7.66
591	14	16	52.78
132	221	8	33.8
137	460	3	14
484	121	8	46.37
281	126	4	13.05
1140	12	3	4.62
443	104	5	12.94
505	115	3	10.13
116	215	11	38.15
120	839	5	29.8
101	674	9	32.21
104	5184	3	25.37
137	205	6	21.41
12	571	15	51.11
1046	101	3	6.88
485	142	3	14.94
2226	146	5	49.9
172	137	3	4.58
303	111	4	9.47
249	180	3	14.13
1248	102	4	13.04
270	113	4	8.74
108	457	3	8.01
1894	119	5	39.91
13	195	3	6.15
153	126	6	9.76
8	1399	11	114.32
116	1519	7	56.58
128	136	11	21.61
267	111	5	12.06
239	127	3	7.06
126	5302	3	33.3
159	599	3	19.61
553	252	3	25.17
3770	121	3	25.04
137	106	9	3.99
296	113	4	9.53
1360	12	4	9.47
146	1920	4	36.02
102	1897	4	17.16
101	827	5	13.84
369	108	3	6.38
105	450	14	76.09
164	113	5	4.65
378	104	3	3.87
119	971	5	31.1
175	513	4	29.09
346	391	3	25.09
104	416	9	32.57
511	2	3	6.75
373	109	4	10.96
262	137	3	9.02
116	346	4	11.72
1610	14	4	9.53
4479	101	3	17.16
259	101	7	5.29
127	12	42	6.08
12	1520	4	10.91
253	126	4	11.71
102	881	4	10.08
252	1432	3	31.37
102	2829	3	13.79
105	5580	3	27.45
1367	623	3	38.57
142	257	19	130.46
102	375	5	5.97
111	251	3	4.11
1138	265	3	30.37
1	2	8	9.9
2007	14	4	11.36
1398	101	5	20.09
123	201	3	4.93
808	101	4	8.94
106	118	18	8.78
413	137	3	13.01
101	467	21	99.96
2093	151	3	26.35
103	1914	3	12.74
124	116	14	13.31
12	748	17	76.58
257	120	4	9.76
107	1343	5	30.55
1679	270	3	33.44
9	2023	4	31.94
169	193	3	10.38
12	2607	4	15.4
120	365	3	8.86
110	115	20	11.76
159	166	15	84.02
1021	152	4	31.04
939	14	8	21.7
357	509	4	39.16
16	926	3	15.14
102	1389	4	14.41
143	120	7	6.29
166	237	4	18.7
247	426	3	22.95
974	14	6	13.19
105	1981	4	24.34
1780	12	4	11.78
572	106	3	9.39
177	135	3	4.93
385	111	3	7.38
787	111	4	18.51
6860	14	3	17.37
1228	155	5	45.58
101	2877	3	13.45
110	408	5	17.68
115	140	24	57.78
109	760	3	11.4
290	121	5	16.28
219	108	4	4.99
115	272	4	9.05
139	356	3	11.86
2784	171	5	60.99
130	190	3	5.27
1208	104	3	11.14
778	12	6	12.2
250	108	4	6.29
472	112	3	9.16
142	188	4	10.43
552	149	5	33.81
1354	14	3	4.46
2210	14	3	7.35
283	118	12	56.97
173	142	6	17.52
3076	9	6	66.41
380	103	4	5.54
763	101	3	4.9
101	1405	3	8.6
102	242	9	9.31
414	123	3	11.11
243	104	10	21.85
113	2292	3	19.47
6175	12	3	18.51
125	193	4	8.17
353	132	7	37.96
495	12	10	21.59
110	238	4	6.47
400	112	3	7.85
109	1016	5	27.76
133	301	6	27.79
185	997	3	25.52
247	1111	3	29.67
106	489	3	8.53
322	142	4	17.25
226	373	7	60.95
340	1702	3	35.25
148	144	4	5.48
327	103	4	4
1659	165	3	27.33
102	3298	4	24.31
4081	8	4	44.03
101	640	8	25.84
161	296	25	228.95
2034	12	3	7.61
122	113	40	90.98
172	12	17	4.46
122	182	6	12.62
131	122	10	11.57
1500	14	4	8.79
360	120	3	8.56
101	3259	3	14.98
192	137	4	10.06
104	1188	7	40
107	885	6	33.09
117	394	14	85.35
107	1095	3	13.83
176	2907	3	32.43
2081	8	6	57.08
102	929	4	10.49
717	190	3	23.27
976	12	5	10.79
449	161	4	25.71
417	1512	5	68.04
114	1694	3	18.04
776	121	6	37.29
102	1692	3	10.1
126	1657	4	30.99
109	322	6	18.05
215	688	4	35.44
1508	109	3	15.54
1782	14	5	15.65
117	1229	13	126.72
121	149	6	5.86
1096	101	4	12.01
102	1739	3	10.1
102	1671	3	10.1
101	1051	4	11.47
323	144	3	11.54
137	382	3	12.29
132	101	44	39.38
1170	101	3	7.66
1374	207	3	29.56
262	12	10	6.12
428	141	4	20.77
484	104	3	5.54
898	102	3	5.93
101	4188	3	17.16
624	104	3	7.03
273	102	8	9.52
134	273	5	20.19
1338	12	7	25.8
157	143	14	57.69
253	111	11	41.06
101	1746	6	29.96
1809	14	3	5.95
337	122	3	8.33
153	111	28	92.89
122	127	7	3.87
429	120	3	10.26
102	646	3	4.36
102	722	12	55.17
355	109	4	10.17
112	196	7	14.58
109	1329	5	30.97
1102	119	3	16.45
148	243	73	787.59
148	302	3	11.96
168	250	3	12.96
236	653	3	25.34
914	103	4	12.96
639	124	4	21.5
400	153	3	15.6
2952	14	3	9.39
110	201	13	41.86
353	16	7	31.21
135	116	12	13.52
301	107	4	8.16
1162	108	4	21.05
669	12	12	39.46
149	438	3	15.4
114	314	12	57.36
166	275	3	13.91
2888	119	3	23.05
232	142	4	13.51
152	151	3	3.86
696	127	3	15.53
125	230	3	6.36
141	847	3	18.25
156	14	49	50.65
109	2092	4	27.5
126	4698	3	28.81
1646	101	4	14.77
664	106	3	10.42
1362	12	3	5.4
769	119	6	36.46
149	115	8	8.15
12	778	4	5.2
104	2163	3	14.93
14	5650	3	17.37
3644	12	3	11.96
138	229	4	12.55
565	413	3	29.8
4930	14	3	12.98
673	103	3	6.23
120	580	3	12.38
548	101	7	18.17
1755	158	5	50.71
270	130	5	19.52
104	1518	6	35.73
107	714	5	23.05
3824	349	3	41.13
3591	12	3	11.96
182	152	12	60.47
13	129	15	38.45
105	1603	3	14.72
161	172	4	12.62
402	111	5	17.9
101	1923	4	16.71
102	801	3	5.41
122	107	24	25.61
1054	2128	6	104.87
122	235	4	9.22
175	148	4	10.52
1812	12	6	23.93
1318	108	7	49.13
5002	12	3	18.51
104	241	60	364.97
1447	12	3	5.85
148	190	6	22.5
256	110	4	7.18
117	1406	5	35.25
888	236	3	27.26
104	345	5	9.34
1568	12	3	6.36
171	257	8	51.33
12	248	85	438.42
474	111	10	55.36
16	167	12	34.05
1027	189	3	25.73
337	142	7	39.19
834	324	3	29.87
1188	14	4	7.54
288	292	5	39.87
101	1743	5	22.42
157	293	4	20.16
1310	104	3	11.62
1923	112	3	18.27
587	110	4	15.95
254	367	3	21.62
103	774	4	11.41
130	144	13	34.83
16	3162	3	23.26
8	2309	3	23.49
525	116	3	10.49
347	120	3	8.28
205	440	3	21.41
437	109	5	18.1
147	122	6	5.54
2269	12	3	8.39
133	429	3	13.06
174	102	29	53.11
133	123	9	11.76
1115	106	3	13.82
297	584	3	26.92
190	388	7	56.47
119	215	5	11.4
12	856	5	9.29
294	102	11	20.78
223	282	3	17.94
110	232	8	22.18
135	149	4	4.32
1365	14	5	12.53
116	804	7	43.62
1766	14	5	15.65
170	101	33	60
196	1116	4	38.95
125	153	15	48.58
1799	14	3	5.95
232	122	15	72.73
204	101	15	20.13
118	430	6	27.7
102	220	9	7.51
179	157	4	13.27
4931	12	3	14.1
315	231	4	28.17
386	110	4	11.78
289	122	3	7.12
264	422	3	23.51
106	1347	4	22.27
12	972	9	31.42
143	137	9	19.48
777	14	7	14.08
3692	14	3	10.86
102	1409	5	20.65
106	451	5	17.92
109	874	12	88.85
12	2294	5	20.54
280	119	15	79.54
187	123	13	52.05
110	132	9	4.47
116	769	16	134.13
159	209	3	10.59
115	102	244	670.72
118	1408	9	79.62
115	296	11	48.47
115	245	6	16.01
2	12	290	282.13
121	689	4	20.24
3794	14	3	10.86
101	348	7	10.11
101	416	5	7.01
878	101	3	5.63
173	122	6	11.19
3827	14	3	10.86
1265	599	3	38.34
101	1183	10	55.48
102	521	7	18.05
126	348	3	9.92
102	387	9	20.51
111	306	3	5.59
105	5612	3	27.45
130	302	3	9.63
490	199	3	21.83
213	199	8	53.77
133	1797	3	22.4
324	104	4	5.28
114	1101	3	15.31
650	154	3	19.44
207	2853	3	34.73
157	134	5	9.42
415	101	11	31.05
121	287	6	21.5
121	228	8	27.44
101	4366	3	17.16
105	2765	3	19.19
109	118	20	13.28
109	179	16	47.25
150	579	16	155.77
101	925	4	10.07
16	316	5	17.25
175	351	4	24.63
109	3027	3	20.62
12	147	32	9.18
105	363	6	18.01
104	2876	5	36.91
101	807	5	13.36
460	12	11	24.09
175	104	13	18.83
313	110	4	9.34
103	1135	3	9.4
12	568	8	16.11
189	272	5	31.42
159	650	6	49.18
121	362	3	8.89
101	2448	4	19.41
141	148	15	53.37
108	505	13	78.62
140	483	3	14.68
108	462	4	13.06
101	2086	3	11.29
102	636	3	4.36
1410	12	9	42.31
122	208	4	8.01
102	848	3	5.66
429	12	12	26.02
207	104	7	8.13
172	135	10	35.87
112	254	5	11.25
103	471	3	4.28
248	121	6	18.96
788	12	4	5.2
116	519	15	105.72
121	109	13	4.23
401	105	6	19.61
1345	189	3	27.52
273	14	15	15.59
158	120	7	11.53
104	442	17	88.91
346	348	3	23.97
101	1056	5	16.74
520	106	5	19.81
2636	102	3	12.6
145	188	6	20.79
3034	365	3	40.08
2617	12	3	9.32
112	529	3	9.97
381	243	20	231.73
103	247	10	18.07
102	2293	3	11.62
12	3852	5	30.85
116	1407	4	25.36
109	1256	7	48.14
108	447	4	12.67
377	103	4	5.54
977	9	10	86.08
122	130	12	17.14
113	421	7	31.94
114	825	3	13.17
167	484	3	18.87
103	501	3	4.68
1611	12	3	6.36
116	189	31	155.53
524	111	5	21.38
128	14	62	22.16
725	101	5	12.49
459	592	3	31.03
1302	16	3	17.61
544	14	5	4.28
379	172	3	17.24
184	3050	3	32.78
110	250	4	6.97
2	542	3	7.24
107	1560	3	15.88
454	1173	6	82.1
4351	115	3	25.7
101	3853	3	14.98
1281	103	4	16.25
104	3335	3	18.7
101	1393	4	13.97
111	360	4	11.15
2013	111	4	27.19
416	109	3	7.65
1516	165	4	38.31
1642	14	4	9.53
2054	101	3	11.29
1059	101	8	35.87
101	1308	4	13.25
552	109	3	9.45
111	183	6	8.76
160	101	55	137.86
177	347	3	17.01
177	423	3	18.99
176	827	6	56.48
1172	8	6	47.01
2089	537	8	139.45
326	12	9	7.9
147	145	4	5.15
1242	12	5	13.44
1632	188	3	28.63
107	1200	5	29.64
119	543	16	123.14
2935	103	3	15.76
1777	14	3	5.95
144	674	3	17.41
101	430	7	14.19
104	880	11	65.79
2602	14	5	20.8
527	272	3	25.64
102	1106	5	18.01
126	1205	3	18.84
843	175	3	23.22
2958	132	6	69.08
881	12	5	9.76
111	126	22	33.49
173	145	3	5.39
752	161	3	20.83
481	628	3	31.79
759	14	10	26.89
126	2670	5	50.12
14	58	4	4.96
1445	14	4	8.79
105	3454	4	31.62
653	14	12	34.09
139	105	31	63.7
3808	14	3	10.86
102	245	7	5.16
393	164	5	33.49
6546	12	3	18.51
133	245	4	12.96
756	135	3	16.68
132	1023	8	68.69
143	12	48	29.12
362	104	4	6.53
6193	14	3	17.37
5849	16	3	31.55
101	2925	4	21.27
137	185	4	9.47
12	369	34	140.55
1302	6	3	38.8
106	864	3	12
285	109	3	4.5
2955	14	3	9.39
101	697	10	39.19
104	224	48	247.31
1549	12	3	6.36
3447	1422	3	51.45
121	455	4	16.7
101	2418	5	27.74
102	3293	3	15.32
129	927	3	17.6
131	173	4	7.33
141	121	15	30.63
1626	12	4	10.91
141	175	4	8.89
112	185	6	9.46
103	516	3	4.68
16	1312	3	17.61
102	670	3	4.55
101	2052	5	25.58
103	212	22	62.37
167	131	13	50.01
556	106	6	27.22
299	128	12	70.55
12	3803	4	19.77
244	257	13	118.3
671	522	5	60.51
102	2140	3	11.62
134	229	3	7.52
121	321	3	7.74
953	199	4	37.55
102	3474	3	15.32
12	174	142	620.2
1258	14	7	21.91
199	131	3	6
12	292	53	231.75
597	16	3	12.53
150	483	6	41.1
16	223	4	8.15
107	444	7	29.93
162	9	14	48.22
101	4172	3	17.16
107	519	4	14.06
107	594	5	21.12
114	4820	3	25.68
397	111	7	29.53
2237	14	5	18.7
109	1999	4	26.24
101	1214	9	46.84
160	202	5	21.91
123	135	17	40.66
752	102	3	4.96
12	1964	3	7.61
101	448	4	4.64
101	531	7	17.74
138	188	3	5.78
59	184	3	8.49
12	6798	3	18.51
174	117	4	3.96
2	129	15	6.72
1263	207	3	29.01
110	350	4	10.57
1688	101	4	15.67
147	107	15	22.1
219	14	15	7.92
104	990	5	22.04
240	500	4	34.36
2104	14	3	7.35
110	299	3	5.23
839	183	3	23.74
101	328	8	11.87
3815	12	5	30.85
294	117	3	6.38
223	104	8	12.06
106	1314	3	14.75
102	236	13	20.27
112	798	4	18.93
154	351	5	29.46
107	340	14	67.34
626	127	3	14.83
1024	14	5	9.71
232	310	3	19.19
112	2473	3	20.14
112	221	4	6.01
146	704	3	18.03
12	1245	3	4.99
12	1201	3	4.99
12	1125	3	4.62
665	14	8	16.27
4386	104	3	20.9
270	145	4	15.96
163	138	3	4.07
131	182	4	8.28
870	8	3	16.25
3359	102	3	15.32
156	712	3	20.24
168	12	20	7.07
453	104	3	5.14
1223	119	4	25.14
143	747	3	17.74
12	536	22	94.78
101	838	8	30.42
1617	14	4	9.53
116	2922	3	22.12
1206	16	10	88.54
2943	1844	4	73.26
140	5819	3	35.32
16	114	46	113.08
150	430	3	15.27
242	702	3	26.05
323	308	3	22.11
8	396	23	186.27
101	1042	3	6.88
104	1194	5	24.3
117	577	3	11.68
2051	106	3	18.12
126	2308	4	34.87
127	16	8	5.05
103	205	7	5.49
167	191	35	296.87
102	995	6	22.4
632	120	3	12.8
217	122	3	4.76
561	782	3	34.16
9	186	3	4.21
108	136	119	594.91
2579	14	4	13.94
118	833	3	13.99
1467	14	6	18.78
102	968	4	10.93
253	102	10	13.17
102	908	4	10.49
113	112	18	8.8
106	2046	3	18.12
337	113	8	32.54
167	123	4	5.36
4855	102	4	29.26
12	1473	4	10.15
618	272	3	26.68
164	145	6	17.07
1170	106	5	29.62
12	195	103	443.69
105	556	5	18.9
101	2329	3	12.26
101	4382	3	17.16
121	244	5	14
1328	111	3	15.71
273	111	3	4.84
101	2464	5	27.74
126	3278	5	55.52
148	105	11	8.97
216	122	6	16.77
524	14	6	6.23
175	231	3	13.02
101	791	4	8.6
258	112	4	7.52
12	383	6	4.13
1046	119	3	16.03
153	102	21	15.15
101	2010	3	10.48
101	2070	4	17.93
224	1318	4	42.16
106	1740	3	16.53
656	108	3	10.26
391	190	4	27.67
103	352	7	14.68
151	422	4	22.59
8	3883	4	44.03
3830	14	3	10.86
209	146	3	8.24
140	348	5	24.77
234	136	7	29.56
1604	14	5	14.47
628	2020	5	75.71
146	185	3	6.74
1133	14	6	15.57
117	2537	4	31.64
101	1378	4	13.97
101	1557	3	9.15
142	365	4	19.05
1661	377	3	36.52
681	12	7	14.67
115	535	6	29.45
1633	12	4	10.91
389	143	5	27.07
105	808	6	29.46
143	21	4	5.73
1162	14	4	7.01
272	9	3	7.89
828	103	3	7.41
101	281	6	4.48
149	120	16	40.75
1709	16	4	28.68
59	129	5	8.5
989	148	5	40.75
688	411	4	43.77
115	229	13	51.1
109	604	3	10.02
1529	106	3	15.87
3613	12	3	11.96
845	102	4	9.7
115	117	22	23.14
290	128	3	8.92
2	184	41	171.3
120	1226	5	34.53
104	1859	4	21.61
142	117	13	21.01
110	1156	3	14.5
348	119	3	8.13
101	4003	3	17.16
488	804	4	47.06
664	101	3	4.28
123	120	12	12.09
319	14	11	9.51
264	116	3	5.19
1382	1017	8	136.66
101	1199	4	12.6
102	505	5	9.44
102	580	5	10.85
225	161	10	61.42
353	12	13	22.29
129	529	3	14.16
110	135	13	12.85
135	104	23	20.1
240	443	5	43.69
832	372	5	58.19
135	247	4	13.12
12	1013	3	3.97
1134	258	4	42.54
264	1250	5	57.49
103	1813	3	12.01
3130	14	4	15.75
184	172	24	181.33
12	969	9	31.42
357	348	4	34.66
133	131	7	8.89
631	163	3	20.37
1972	14	4	11.36
123	350	3	9.58
344	111	4	10.66
101	1377	3	8.6
116	5241	3	30.4
204	202	6	36.26
8	3172	3	26.3
102	3143	4	21.73
156	178	3	8.25
254	2671	3	36.54
589	113	5	23.3
304	117	3	6.66
264	109	6	15.07
126	564	12	92.13
102	530	11	39.63
769	101	10	41.24
102	380	12	33.72
149	248	3	10.26
201	118	4	6.39
102	1139	6	24.18
101	489	5	8.71
138	14	44	8.55
180	121	9	24.75
12	2508	4	15.4
180	175	3	10.03
889	104	3	8.96
115	236	4	7.27
1034	5378	3	56.23
242	740	5	49.51
668	130	3	15.83
16	204	8	24.55
1430	57	3	23.88
498	363	3	27.76
129	840	3	16.96
12	3019	5	25.53
300	137	7	35.45
158	105	42	156.43
1871	9	4	31.94
102	4346	3	17.5
102	4294	3	17.5
107	1008	3	13.03
3923	124	3	28.48
2325	2125	3	51.53
145	256	3	9.63
136	692	4	24.17
775	115	3	12.64
113	182	9	20.25
417	272	4	34.24
2040	12	3	7.61
1057	12	5	12
127	206	3	5.94
213	388	6	49.72
107	2535	4	28.67
102	635	5	11.86
998	537	3	35.93
485	152	4	24.33
4519	12	3	14.1
2057	101	3	11.29
131	153	7	15.17
830	14	5	7.71
270	122	4	11.06
104	1421	7	43.05
1161	411	3	34.49
2531	14	3	8.26
438	14	10	15.43
12	4940	4	24.68
109	474	7	31.63
313	12	11	12.26
101	740	3	4.68
439	108	4	12.67
12	400	6	4.78
367	199	8	67.88
137	244	3	8.45
132	382	6	32.18
711	120	3	13.49
1489	14	5	13.44
1966	111	8	72.73
1435	2	3	13.17
112	101	130	170.98
13	137	5	4.99
2323	101	4	19.41
114	613	4	17.57
102	686	11	45.85
122	297	3	7.4
109	1357	4	22.62
163	143	12	48.78
118	874	4	21.51
116	1426	3	17.01
101	5296	3	21.6
471	190	3	20.66
359	140	3	12.01
157	180	3	8.38
244	126	8	33.5
9	12	66	32.11
117	533	26	234.14
117	584	5	24.72
2632	529	3	42.01
488	189	6	50.45
650	14	5	5.57
127	105	62	177.63
127	308	3	9.27
113	127	12	9.81
102	875	8	32.24
2492	14	7	40.52
217	163	3	11.32
12	233	89	438.37
12	158	22	6.47
1732	14	3	5.95
101	1086	3	7.25
101	967	5	15.45
1022	12	3	3.97
104	559	7	26.79
120	881	3	14.87
310	459	4	36.61
57	12	67	102.09
373	104	4	6.9
150	2788	5	56.06
190	199	7	41.26
1361	152	4	33.53
138	141	6	8.42
101	504	6	12.74
106	224	4	5.06
174	161	3	8.03
2	320	7	17.93
1886	2408	6	117.84
796	101	11	49.33
115	251	6	16.34
3189	9	3	26.48
255	142	7	33.13
437	101	5	7.39
269	174	4	21.41
162	14	45	46.02
142	151	4	5.31
1073	14	4	6.53
119	6007	3	31.33
102	432	4	4.83
150	1831	3	25.43
101	1221	10	55.48
127	607	3	14.61
105	1870	3	16.12
497	867	4	48.14
101	1424	4	13.97
593	132	4	22.64
13	694	4	24.27
214	140	4	12.25
1477	150	3	23.4
139	120	16	33.34
3438	153	3	31.16
116	743	3	12.58
110	120	25	30.3
1669	101	5	22.42
135	148	4	4.24
1257	14	5	11.72
187	131	6	17.67
1365	156	3	24.5
261	118	3	5.58
3183	207	5	71.81
351	113	35	269.7
106	477	4	13.17
102	1558	3	9.47
101	327	9	15.15
1274	108	3	14.82
294	161	5	27.99
102	1429	3	8.92
1351	14	8	29.56
521	103	4	8.45
1971	14	5	17.03
633	103	5	14.9
2	379	5	12.3
116	618	6	31.99
159	280	6	35.02
1694	132	3	22.35
1012	834	3	38.61
280	147	3	11.03
954	291	4	42.55
117	654	3	12.32
139	247	3	8.81
358	12	8	7.3
119	3910	3	26.84
1320	14	5	12.53
557	16	23	207.09
4875	14	4	23.16
1245	118	3	16.58
146	276	4	16.58
111	139	26	61.56
116	5455	3	30.4
136	242	4	12.91
167	849	5	43.04
173	151	3	6.22
105	1840	3	16.12
101	4019	3	17.16
233	135	8	35.44
831	8	3	15.94
348	132	3	11.06
376	106	5	15.59
5140	119	3	31.33
148	910	10	96.48
116	991	6	38.87
2	275	4	5.05
147	161	3	4.78
101	380	25	109.59
8	11	5	36.03
278	107	4	7.38
499	111	3	9.43
109	262	8	24.07
140	1486	3	21.87
1634	14	3	5.39
715	14	6	9.34
121	216	5	12.01
171	127	7	17.92
1052	12	3	4.28
132	206	3	6.63
5167	6046	3	71.68
145	1503	3	22.47
126	1652	4	30.99
167	192	3	10.19
364	229	4	29.94
126	1092	4	27.1
113	256	6	16.21
126	1041	3	17.96
145	182	3	6.1
1132	12	3	4.62
145	113	45	168.49
680	14	11	29.97
131	360	3	11.05
104	1247	4	17.37
198	101	10	6.45
1177	2717	3	48.81
2532	14	4	13.94
1424	14	3	4.89
103	400	4	6.06
1047	106	3	13.4
102	664	10	39.36
1600	1424	3	45.29
1234	12	6	18.64
318	12	14	21.57
105	215	22	86.59
137	171	4	7.73
101	839	3	5.37
230	113	4	6.82
101	635	6	15.76
150	220	4	14.45
195	137	6	20
129	917	3	17.6
148	205	3	8.48
150	3029	3	28.56
101	738	3	4.68
767	14	4	4.06
231	1119	4	41.37
116	330	3	6.78
121	347	4	13.38
116	1548	4	26.2
249	168	3	12.96
209	145	3	7.93
102	2434	5	28.31
114	2556	3	20.65
8	1514	4	29.67
172	205	4	17.61
1194	103	4	15.58
207	16	5	11.38
102	713	7	22.51
4957	14	4	23.16
1937	101	4	16.71
324	16	4	12.31
102	1086	3	7.56
111	677	3	11.35
1321	101	9	48.98
259	195	3	15.59
259	132	3	8.47
5165	5574	3	71.68
203	113	9	25.09
5783	1177	3	57.13
5800	5733	3	71.68
119	5528	3	31.33
2989	12	3	10.47
117	1119	3	16
126	3430	4	39.41
121	302	4	11.92
134	13	6	7.12
883	132	8	65.29
134	192	7	24.21
273	157	3	12.91
104	377	18	86.23
905	1316	8	132.26
105	346	26	155.71
1350	101	4	13.25
132	105	17	15.35
12	196	16	9.28
108	3698	3	22
465	101	8	20.15
104	962	10	60.09
1068	14	6	14.7
1130	134	4	28.85
107	1306	4	22.29
169	14	22	6.12
419	136	3	13.11
218	1187	3	28.84
108	3188	3	22
106	213	9	22.79
101	432	5	7.39
105	1690	4	23.26
214	345	3	19.44
123	121	10	7.91
173	108	6	6.13
451	388	4	39.03
111	173	5	4.89
2028	14	4	11.36
1100	14	5	10.99
1287	628	4	54.26
304	107	3	4.8
691	133	3	16.12
1116	14	4	7.01
2642	101	4	19.41
130	287	5	20.11
260	118	5	13.64
104	2063	4	22.85
105	3164	3	19.19
156	107	13	23.56
334	14	13	15.8
129	1222	4	28.74
102	327	14	36.54
126	280	23	159.13
101	1379	4	13.97
1760	903	10	188.56
200	135	3	6.28
110	3125	5	43.51
104	706	13	75.72
109	1010	4	20.19
918	14	4	5.31
246	116	3	4.63
664	8	5	29.76
228	128	3	6.86
123	247	4	11.05
102	582	4	7.06
1	57	4	12.51
107	2854	4	30.58
102	448	9	24.37
126	354	35	310.68
222	14	68	232.67
1333	14	3	4.46
107	552	4	14.55
1989	14	3	6.59
115	107	78	200.28
2234	14	6	25.96
180	120	5	8.39
8	2146	7	71.06
124	135	7	6.74
368	12	9	11.08
1218	110	3	14.95
473	12	7	9.78
225	107	12	38.62
1196	14	3	4.07
109	935	4	19.21
152	271	3	11.46
1227	14	5	11.72
947	9	19	210.68
358	137	3	11.55
386	169	3	17.04
194	1028	6	62.12
102	328	17	51.13
221	215	4	22.69
141	250	3	8.96
562	110	3	10.04
2261	12	5	20.54
140	370	3	12.43
122	146	7	7.77
2142	101	3	11.29
380	842	3	31.52
1624	14	4	9.53
112	144	10	9.85
102	2119	4	18.38
137	216	3	7.27
332	103	4	4.09
1102	12	3	4.62
118	1652	3	18.87
105	2916	3	19.19
418	104	3	4.67
310	106	3	4.86
148	367	3	13.7
121	289	4	11.34
666	104	4	12.15
104	457	9	34.38
109	295	7	21.65
1256	12	7	24.43
2514	14	3	8.26
184	931	8	83.97
12	205	12	4.38
1114	103	3	9.4
113	226	5	10.12
847	14	8	19.88
1774	14	4	10.38
452	14	13	27.23
6887	101	3	21.6
187	1816	3	29.23
129	1908	3	22.65
104	1225	3	11.14
299	12	11	11.33
140	220	9	42.45
1343	793	3	40.11
238	12	21	31.32
309	113	10	42.84
1013	157	3	22.8
103	330	4	4.09
161	361	8	57.65
3568	3468	4	83.26
364	311	3	23.49
102	1045	3	7.18
140	342	4	17.76
948	124	5	33.17
134	163	4	6.9
2580	14	6	29.11
1472	14	5	13.44
109	136	49	156.24
6827	111	3	29.61
150	2787	3	28.56
181	430	3	19.26
3819	681	3	46.35
12	159	20	4.52
271	12	17	25.84
101	1012	5	16.07
16	240	6	18.05
1827	110	4	25.74
101	908	6	20.22
323	119	10	48.04
252	162	32	295.97
16	157	10	22.07
990	13	3	19.08
711	121	3	13.63
102	2070	4	18.38
113	1346	3	16.08
148	3073	3	28.46
17	115	3	8.95
119	2437	5	43.88
6419	14	3	17.37
109	446	7	30.51
1161	509	3	36.19
102	3354	4	24.31
177	629	3	21.79
1677	2812	4	72.17
519	14	5	3.85
718	118	3	12.91
131	111	13	12.69
209	122	5	11.97
105	1537	4	22.32
391	104	4	7.3
161	113	10	18.36
12	1323	7	25.8
227	126	5	15.07
122	102	64	57.81
102	791	6	18.38
111	392	3	7.59
101	1596	3	9.15
687	111	3	11.35
179	14	54	101.46
4622	14	3	12.98
103	956	4	13.41
16	915	3	15.14
133	281	6	26.72
223	120	5	12.23
1134	14	8	26.38
223	174	6	33.07
143	185	3	6.26
181	621	4	31.68
240	368	4	30.75
110	175	5	4.94
116	742	14	109.52
110	121	56	147.59
135	147	4	3.9
104	660	4	12.15
120	291	6	21.52
2756	8	3	24.72
12	2596	3	9.32
109	696	9	54.3
180	135	3	4.98
147	117	10	14.14
4923	14	3	12.98
126	1340	4	28.43
124	120	10	7.67
174	107	8	11.83
1240	14	3	4.07
105	1100	4	19.43
1506	101	3	8.6
445	133	3	13.34
936	14	5	8.64
4890	14	3	12.98
111	142	8	4.93
173	131	3	4.11
104	3408	3	18.7
130	202	3	6.11
376	119	5	19.82
447	102	8	19.79
181	1697	4	41.15
142	152	7	16.26
742	150	8	67.92
118	280	4	10.27
201	696	3	24.2
12	164	18	4.16
474	157	5	34.88
101	905	14	79.21
924	603	3	35.82
171	317	3	15.22
101	2189	4	17.93
3170	14	5	23.65
118	725	3	13.16
2243	14	3	7.35
1951	14	3	6.59
203	142	6	22.45
116	1185	3	15.99
173	772	3	22.32
150	1173	4	32.45
102	877	3	5.93
747	12	13	48.14
998	190	3	25.76
116	3985	3	25.91
101	1744	7	38.35
248	135	9	43.88
12	1184	3	4.99
114	730	4	18.85
1075	147	3	21.02
161	173	3	7.91
540	119	4	17.97
3828	12	4	19.77
102	724	7	23.13
172	121	9	22.56
610	12	7	13.19
131	14	72	42.66
2666	469	3	42.37
4513	9	3	28.7
912	770	5	68.37
117	189	7	15.67
107	835	4	18.02
102	2403	4	19.86
182	151	3	6.95
2742	101	3	13.45
267	107	4	6.99
103	4023	4	31.96
12	4825	3	14.1
168	287	3	14.2
101	4465	3	17.16
8	3076	5	49.65
110	684	4	17.12
356	159	5	30.67
102	1953	3	10.8
135	250	4	13.2
135	150	5	7.1
135	206	3	6.72
1049	12	6	16.78
115	464	3	9.51
1160	12	9	35.9
200	105	5	5.1
294	163	3	14.23
362	120	4	13.86
1134	111	3	14.77
211	239	10	78
104	5286	3	25.37
154	366	3	15.09
103	1029	5	19.8
179	111	7	11.79
441	272	8	81.97
8	3189	4	39.03
107	577	6	27.67
2369	1883	4	71.34
151	630	4	26.36
197	273	6	41.41
886	119	9	66.65
2165	12	3	8.39
250	113	7	20.53
118	220	9	30.12
125	406	4	17.29
789	14	8	18.3
111	203	5	8.22
102	549	20	104.68
587	109	3	9.83
123	205	3	5.18
2539	14	3	8.26
808	2	3	9.38
12	1949	3	7.61
278	122	19	113.57
138	203	3	6.81
102	1308	4	13.69
459	14	16	42.45
174	163	8	37.74
2568	14	5	20.8
105	1036	3	12.28
274	372	15	168.15
159	417	3	17.05
169	126	6	12.86
219	284	3	17.92
104	2244	3	14.93
105	1047	7	42.32
184	361	18	177.08
12	821	5	8.86
1200	106	7	47.52
101	349	6	7.18
998	1955	3	44.38
878	12	4	6.16
2638	14	5	20.8
4982	165	3	39.52
205	373	4	28.83
3630	151	3	30.19
181	1093	5	49.2
207	5651	3	43.04
240	331	6	48.78
2201	111	4	28.45
250	127	3	7.47
3291	101	3	14.98
130	101	122	316.32
647	107	3	10.21
896	102	3	5.93
319	113	3	6.13
132	2075	3	23.97
111	112	32	37.3
3138	12	4	17.23
1189	12	4	8.86
132	1819	5	43.73
109	1635	3	16.13
1598	14	3	5.39
125	111	38	93.03
204	144	8	35.48
156	122	5	5.81
1510	207	6	71.07
2846	14	3	9.39
109	942	3	12.58
225	163	4	17.83
12	2295	3	8.39
115	416	3	8.82
135	105	13	7.57
3280	105	3	20.76
110	196	4	4.39
101	2908	3	13.45
104	2501	3	15.93
223	132	4	11.64
101	245	7	4.65
106	586	4	15.05
2969	12	6	37.02
216	108	4	4.79
134	402	3	12.46
1406	106	8	61.15
595	12	7	12.74
101	670	18	98
155	14	91	188.59
12	516	5	4.95
350	543	6	65.16
277	120	3	6.56
12	398	7	6.93
102	697	6	17.34
140	4759	3	30.83
12	1233	13	73.1
2688	106	3	20.36
116	1413	3	17.01
305	135	3	10.05
690	102	4	8.09
805	12	4	5.5
931	161	7	65.78
108	152	9	8.17
299	238	4	27.91
102	1102	3	7.56
962	14	4	5.68
145	142	13	40.12
16	214	6	16.04
138	745	3	17
12	212	16	12.75
201	622	4	33.78
121	115	18	17.51
2169	108	7	60.96
109	280	5	11.75
186	135	3	5.36
215	834	3	26.08
443	12	7	8.89
1364	12	3	5.4
585	132	3	15.19
153	107	16	31.81
2198	14	4	12.52
637	101	3	4.09
880	14	4	4.96
2359	109	7	67.43
105	1582	3	14.72
112	276	6	17.19
102	2445	3	12.6
141	135	7	10.94
131	339	4	16.22
700	8	5	30.19
505	106	5	19.51
116	341	17	99.57
118	1788	4	27.96
338	147	3	12.47
109	414	21	139.49
150	6386	3	36.86
101	725	3	4.68
224	564	3	23.95
137	276	5	20.81
105	357	26	157.94
105	558	4	13.32
121	110	18	14.05
624	12	5	6.72
286	117	5	14.82
108	277	6	15.48
178	185	3	10.84
2967	14	3	9.39
1625	14	5	14.47
210	105	7	12.09
183	331	4	24.55
162	127	5	8.7
107	433	10	49.94
102	2871	3	13.79
130	221	13	66.68
111	284	5	12.92
113	811	3	12.72
111	113	22	15.89
284	112	4	8.77
181	2359	5	59.9
738	115	4	18.89
138	113	13	15.95
138	284	3	9.76
140	2088	3	24.76
960	103	5	19.17
169	111	16	45.26
170	137	4	7.64
811	14	4	4.34
225	122	7	22.44
110	149	8	6.59
956	12	5	10.79
2462	115	3	20.68
149	367	3	13.78
223	250	3	16.75
564	104	3	6.48
1259	12	4	8.86
1721	2192	7	137.14
101	220	15	23
103	856	3	7.41
114	215	6	13.58
451	199	4	30.45
101	1563	4	14.77
1127	137	4	29.26
1366	14	5	12.53
139	205	6	22.03
116	2122	4	29.49
107	232	4	5.5
101	1544	7	36.21
224	3579	3	36.89
107	330	14	66.41
181	1937	4	42.24
107	6335	3	28.64
1214	132	10	98.49
448	837	3	33
454	579	3	30.87
1329	12	3	5.4
110	309	4	9.24
116	623	3	11.64
261	102	10	14.2
101	342	5	4.4
1015	101	4	10.97
211	226	9	66.51
857	111	8	51.27
4190	11	3	52.17
136	1433	3	21.32
794	142	4	26.68
101	521	7	17.33
211	360	3	19.65
608	14	10	22.69
104	2322	3	15.93
101	4741	3	17.16
347	104	4	5.97
2	187	7	7.21
147	102	18	5
602	275	5	49.8
104	984	6	28.18
107	584	6	27.67
105	5629	3	27.45
210	206	3	14.6
1577	14	3	5.39
2498	14	4	13.94
111	127	13	10.93
160	144	9	30.56
101	1288	9	48.98
114	422	5	19.63
118	806	3	13.7
108	118	146	601.91
104	1192	3	11.14
529	313	4	38.13
112	6548	3	29.65
1641	12	3	6.36
113	257	11	42.61
102	925	5	15.41
1676	12	3	6.94
689	12	4	4.41
101	952	4	10.07
134	179	9	32.63
4910	14	3	12.98
101	2571	3	12.26
132	568	3	14.99
137	115	9	6.75
103	1232	3	9.83
12	427	12	26.02
102	2086	3	11.62
150	280	4	17.53
114	598	3	11.21
103	568	4	9.12
331	108	3	5.35
122	117	20	26.97
2774	112	6	59.31
102	807	7	24.48
648	3411	4	65.61
941	14	9	26.96
1117	155	5	44.74
341	189	19	187.92
234	118	3	4.66
141	120	7	5.75
707	101	3	4.47
102	2448	3	12.6
577	103	4	9.37
151	456	4	23.37
144	1418	3	22.44
102	998	5	16.61
4509	108	4	38.26
106	1944	5	35.42
324	130	3	10.11
178	140	12	52.84
217	121	7	21.14
157	107	6	4.08
244	201	6	39.67
181	1185	3	26.41
186	235	3	13.97
186	107	6	7.88
186	160	3	9.03
206	237	3	15.59
121	142	7	6.3
110	859	3	12.38
4903	14	3	12.98
16	184	9	24.84
212	140	3	7.56
101	1039	3	6.88
3878	102	3	15.32
296	104	4	4.52
1396	106	3	15.28
137	173	3	4.6
175	130	3	4.33
3074	237	4	51.27
168	14	46	56.83
109	567	7	34.7
4643	14	3	12.98
136	3555	3	28.04
246	782	3	26.88
1117	14	6	15.57
718	105	4	15.05
305	107	4	8.34
2289	14	3	7.35
198	242	3	15.22
112	291	3	5.23
13	141	5	5.5
331	104	8	20.61
1542	12	3	6.36
102	666	4	8.09
122	175	5	8.24
172	161	18	110.79
263	115	3	4.97
139	102	89	213.27
126	331	45	420.02
1531	1038	9	162.89
102	1427	5	20.65
200	122	4	7.33
165	146	4	8.91
189	612	4	32.19
105	646	6	26.74
143	111	18	33.3
110	102	55	12.57
159	282	8	51.48
225	195	3	14.27
261	106	4	6.76
316	123	6	25.47
3331	2856	4	80.63
140	1742	4	33.67
760	199	3	24.65
2	197	77	475.28
120	497	6	31.1
477	190	5	39.83
109	649	3	10.44
138	137	6	7.76
106	101	108	84.82
357	189	5	35.16
1217	101	3	7.66
102	1170	3	7.97
1200	267	3	30.9
124	163	4	5.16
149	136	5	7.24
102	562	5	10.55
111	269	7	21.56
122	981	3	15.88
102	353	28	124.97
197	143	25	164.32
222	138	4	12.11
103	664	3	6.23
103	816	3	7.15
1235	12	3	4.99
275	119	3	6.32
246	6123	3	44.67
111	171	6	7.06
390	121	3	9.42
2533	14	5	20.8
2659	165	4	45.08
140	804	4	26.34
518	9	16	130.46
107	6556	3	28.64
1390	14	4	8.79
205	560	3	23.15
116	1093	6	40.73
2	114	41	36.57
59	197	5	20.81
102	1339	3	8.42
1072	102	4	11.9
184	168	14	87.45
113	1763	3	17.87
225	16	4	8.26
1633	14	3	5.39
135	122	9	9.75
2	6621	3	26.44
232	149	4	15.09
681	14	11	29.97
1133	12	3	4.62
320	115	6	20.44
270	104	5	6.51
588	124	8	53.35
105	242	6	10.86
6569	14	3	17.37
117	1579	4	26.83
121	421	3	10.26
649	102	3	4.36
109	501	3	8.94
129	828	4	25.09
226	277	3	17.95
715	143	3	17.48
12	2991	5	25.53
150	444	4	23.1
102	1732	5	22.98
144	237	3	8.9
1970	14	5	17.03
102	1851	3	10.8
16	129	32	95.09
101	873	7	25.23
12	278	79	450.63
12	131	41	8.21
645	101	3	4.09
101	1753	3	9.77
113	109	27	22.54
266	14	22	35.02
103	107	54	22.59
615	101	3	3.92
105	1111	4	19.43
112	391	5	17.55
103	235	9	13.24
425	119	3	10
101	3492	3	14.98
1251	141	6	51.7
108	190	9	18.59
1241	14	6	16.52
2625	124	3	23.44
102	2117	3	11.62
101	667	4	7.69
384	122	5	20.81
137	142	8	15.39
181	341	5	33.47
246	744	4	37.99
107	1874	5	35.44
1031	115	3	14.92
438	12	13	30.95
1974	121	5	40.61
12	4937	3	14.1
104	202	24	77.56
310	108	3	4.91
320	110	8	29.66
101	3358	3	14.98
101	3306	3	14.98
1885	108	3	17.34
117	280	5	14.7
104	1521	3	12.71
341	311	3	22.66
227	116	7	19.34
102	836	4	9.7
429	111	5	19
161	200	3	10.04
935	14	5	8.64
167	552	3	19.77
102	1040	5	17.28
2040	14	4	11.36
103	118	31	8.12
151	125	13	34.74
2023	108	4	25.98
102	2174	3	11.62
107	1009	6	35.4
108	211	4	4.7
192	161	3	9.49
387	143	4	19.83
244	286	4	27.74
596	658	3	33.8
106	2420	3	19.13
226	152	7	34.08
121	173	9	22.64
3084	104	3	17.14
101	921	5	14.88
102	1725	4	16.12
16	320	10	48.75
107	3549	3	21.94
132	118	68	303.4
12	151	98	206.28
105	426	6	20.92
105	375	6	18.44
115	105	103	281.66
219	137	3	7.44
290	153	3	12.57
394	109	4	11.4
1606	14	6	20.15
1034	5379	3	56.23
720	207	4	35.82
2479	14	4	13.94
2183	16	6	54.15
12	712	4	4.66
109	2580	3	19.4
312	143	5	23.71
133	584	7	48.26
3284	12	3	11.96
933	171	3	23.28
138	12	35	5.69
123	102	53	45.84
123	296	3	8.19
184	1235	6	63.18
3801	14	4	18.27
1592	134	3	21.78
151	626	3	17.95
101	5995	3	21.6
1575	14	3	5.39
260	105	19	80.93
125	101	52	43.08
116	2104	3	19.87
1438	14	5	13.44
414	21	4	22.58
793	207	3	25.54
279	111	3	4.95
243	127	3	7.36
118	2682	3	22.72
1337	102	6	26.32
436	121	20	154.16
104	5450	3	25.37
188	662	5	43.82
114	332	5	15.66
101	1577	6	28.32
105	728	3	9.8
114	1602	3	17.37
544	115	3	10.65
133	330	4	16.31
104	831	9	47.8
2581	14	3	8.26
1113	16	3	16.66
339	366	4	34.71
190	585	3	22.13
102	1559	5	21.74
1647	109	3	16.13
105	641	5	20.33
143	285	3	10.46
551	104	4	10.53
135	209	3	6.8
444	110	3	8.44
117	1982	3	19.49
467	825	3	33.47
156	132	5	9.16
130	457	3	13.21
101	5891	3	21.6
2244	1722	3	48.87
336	111	3	6.19
1148	103	3	9.4
111	216	9	25.58
283	101	17	42.75
500	504	5	56.95
197	138	17	93.33
3564	115	3	23.48
116	996	5	30.22
2	204	5	4.39
290	112	5	13.08
106	221	11	32.98
190	274	3	15.85
124	122	19	34.7
149	146	4	5.95
189	988	3	25.73
120	2832	4	34.53
109	134	13	11.5
170	999	3	23.92
57	14	50	38.81
367	585	5	53.82
121	139	21	54.9
103	1471	3	10.81
199	147	3	7.82
164	121	20	77.06
102	1710	4	16.12
8	518	15	118.84
704	150	4	27.26
16	59	52	283.28
106	798	4	17.61
103	193	13	19.31
167	147	14	65.38
4424	5155	3	67.18
650	12	6	10.38
309	227	5	36.81
113	128	13	12.82
632	102	7	20.82
573	113	3	10.66
101	1731	3	9.77
102	1043	4	11.9
210	637	4	34.92
157	179	4	13.27
2961	14	3	9.39
9	14	108	96.73
4140	951	3	50.6
259	107	5	10.08
109	1354	4	22.62
163	258	12	85.57
1988	14	6	23.62
3115	14	4	15.75
163	142	5	11.88
4240	1721	4	79.81
101	3201	3	14.98
141	107	9	4.72
1941	134	4	33.84
506	103	4	8.24
114	616	6	31.53
122	104	37	33.96
182	3057	4	46.96
2630	12	4	15.4
364	412	3	26.24
144	1296	3	21.9
2575	1722	3	49.9
296	175	3	15.23
230	110	5	9.5
405	138	3	12.91
2024	5431	3	60.22
128	276	3	8.65
101	1412	3	8.6
336	14	10	8.34
101	1531	7	36.21
12	1619	4	10.91
3055	14	3	9.39
541	532	4	44.79
156	135	11	36.12
139	117	16	30.03
414	12	6	5.14
528	123	3	13.07
653	222	5	46.77
1799	12	6	23.93
152	115	6	4.19
5166	5694	3	71.68
181	618	3	21.92
3412	4452	3	60.45
110	117	56	132.67
206	883	3	26.07
328	964	3	30.97
811	138	4	25.87
181	4503	3	36.43
1295	14	5	12.53
928	14	4	5.31
184	200	4	18.44
278	120	3	6.56
822	101	5	13.36
440	103	4	7.12
4646	14	4	23.16
59	167	3	7.17
106	287	4	7.61
105	887	4	16.92
12	754	4	4.92
104	4268	3	20.9
2	316	5	9.64
107	1273	4	22.29
240	280	8	66.38
2435	12	3	9.32
219	227	3	15.73
147	175	6	19.62
147	121	15	35.13
162	110	6	5.49
9	609	3	14.11
117	1028	5	31.01
197	334	3	17.97
107	461	3	8.09
142	211	4	12.45
451	411	4	39.89
101	1277	4	13.25
302	107	3	4.73
1094	14	4	7.01
104	5543	3	25.37
108	308	3	4.91
108	105	76	131.83
501	165	3	19.14
9	156	5	7.37
114	881	3	13.48
127	102	70	104.54
1013	12	6	15.97
176	5092	3	40.74
102	938	4	10.49
1372	916	3	41.61
115	2551	3	20.68
104	2782	4	26.25
161	1235	3	24.33
12	102	638	674.41
2970	12	4	17.23
102	1751	5	22.98
101	971	4	10.51
252	106	4	6.34
186	122	5	9.52
186	176	3	10.78
862	101	5	14.34
121	127	8	5.37
1651	3501	5	100.49
104	101	494	1230.96
195	153	5	19.52
1812	14	3	5.95
2478	109	5	39.82
2639	14	5	20.8
1447	14	4	8.79
148	136	17	61.34
129	1051	4	27.51
109	4910	3	24.41
1288	119	5	34.99
137	112	10	7.7
189	171	3	10.11
1163	361	5	61.38
175	209	7	39.97
285	113	3	5.38
1341	12	5	14.27
185	480	4	29.85
102	802	9	36.77
102	623	4	7.55
1173	101	4	12.6
131	101	25	5.3
234	105	14	46.05
619	131	4	22.94
519	109	4	14.38
1576	109	3	16.13
107	713	3	10.66
117	342	4	12.18
136	4252	3	30.27
141	163	4	7.72
102	639	4	7.81
213	585	3	23.76
122	149	7	8.76
13	114	18	31.68
1075	103	4	14.41
1507	109	4	23.38
176	522	28	352.39
2164	12	5	20.54
116	1411	6	44.25
1896	12	3	7.61
832	870	3	37.55
944	12	5	10.26
866	146	3	19.44
1065	101	3	6.88
894	122	3	15.21
101	668	9	32.21
6884	103	3	23.97
5064	14	3	17.37
1499	14	3	4.89
295	103	6	8.44
121	284	3	6.87
102	3441	3	15.32
121	182	4	5.51
121	113	31	54.86
57	154	3	5.01
158	102	50	118.95
1050	12	5	12
141	464	4	21.57
192	102	11	8.05
108	206	13	41.1
341	349	5	45.04
546	14	5	4.28
1244	103	3	9.83
337	244	3	20.46
2181	101	3	11.29
103	122	26	6.4
605	348	4	40.62
321	142	3	11.25
210	118	26	140.41
117	979	10	78.34
107	564	3	9.4
486	102	5	8.95
3679	106	4	33.18
3377	5678	3	64.95
264	241	3	18.17
102	518	7	18.05
1613	12	6	22.33
144	2079	4	36.8
160	224	7	37.73
149	311	3	12.2
12	651	4	4.18
643	12	11	32.87
149	108	17	30.87
1690	12	4	11.78
105	2213	3	16.97
120	378	3	9.17
169	116	5	5.4
1427	103	3	10.81
2	167	25	66.83
104	764	3	8.14
115	350	3	7.11
135	107	11	6.79
1357	14	4	8.13
329	201	3	18.21
1473	111	4	24.32
148	622	3	17.8
478	653	5	58.89
251	236	5	34.19
143	188	5	15.28
143	140	4	3.9
223	130	4	11.33
105	735	4	15.39
379	168	6	42.31
236	128	3	7.19
289	121	36	272.74
104	3383	3	18.7
430	395	4	38.96
118	444	6	28.29
120	1551	7	59.4
892	14	9	25.83
118	519	4	17.06
156	120	5	5.38
279	14	13	11.18
386	156	4	23.48
174	135	10	36.41
149	117	20	54.77
149	178	3	6.78
12	6857	3	18.51
608	318	3	27.64
413	102	4	4.28
106	202	4	4.07
106	254	10	32.36
180	107	11	24.15
115	120	44	105.65
1242	14	8	27.88
773	122	5	29.36
326	14	32	95.39
255	116	5	12.35
101	2776	3	13.45
142	120	10	13.9
140	743	3	17.35
119	4113	4	41.78
397	144	3	13.55
140	819	3	17.9
119	4009	4	41.78
376	146	3	13.56
942	14	4	5.31
620	149	7	54.65
103	604	3	5.65
114	511	3	10.11
403	113	3	8.16
126	368	37	345.5
160	241	3	11.86
390	119	6	26.22
1434	119	5	36.01
116	3443	3	23.69
102	517	9	27.86
111	115	19	11.05
101	1187	4	12.6
114	213	5	9.66
102	314	21	70.75
1155	14	6	15.57
109	1768	4	25.16
125	185	5	11.32
334	155	3	14.07
107	281	22	115.92
109	1073	5	28.46
225	174	3	12.5
598	119	5	25.83
294	135	3	9.74
102	1532	3	9.47
2781	12	4	17.23
133	147	16	53.07
106	404	4	11.54
1756	57	4	36.36
157	1230	3	24.09
1313	101	7	32.79
109	4816	3	24.41
1611	14	5	14.47
136	913	10	89.78
102	768	4	9
122	196	3	3.95
248	163	5	26.12
114	722	3	12.35
339	1618	3	34.57
2113	12	3	8.39
1002	12	3	3.97
887	106	3	12
109	1255	3	14.52
163	182	3	9.14
163	113	10	19.84
1091	2985	4	68.23
265	1084	4	43.15
127	136	16	40.83
144	101	20	4.91
101	878	9	37.89
101	937	5	14.88
1458	14	3	4.89
164	149	3	5.67
262	102	10	14.2
119	4324	3	26.84
273	12	9	5.21
408	257	3	22.65
134	279	4	14.6
105	457	4	11.34
104	2831	3	17.14
102	1694	3	10.1
202	349	7	56.45
2524	14	4	13.94
104	476	3	5.41
109	6329	3	28.89
186	103	17	30.19
300	111	4	9.28
116	430	5	20.24
3091	124	3	24.67
121	203	4	7.43
3606	14	3	10.86
259	122	4	10.33
2	1912	3	15.13
893	124	4	24.08
102	2143	5	26.15
288	102	6	5.14
161	168	4	12.13
4356	178	3	36.31
303	132	3	9.94
13	154	5	9.17
172	296	3	14.89
102	669	17	91.35
837	104	5	19.7
2	3439	3	19.76
590	14	8	14.02
802	109	3	11.67
292	101	9	12.84
1626	14	7	26.56
141	122	9	11.37
102	2450	4	19.86
107	634	4	15.92
118	1693	4	27.96
104	221	17	48.4
120	815	3	14.28
128	144	7	10.68
168	111	11	23.35
2567	237	3	34.59
672	14	11	29.97
107	1907	5	35.44
137	113	14	18.68
1201	119	4	25.14
113	1160	6	39.93
135	193	4	9.79
135	130	5	4
187	147	6	21.56
116	621	6	31.99
339	399	3	25.05
240	354	7	60.89
225	135	3	7.35
120	59	6	8.07
2832	162	4	44.36
119	2930	3	23.05
101	340	10	19.53
5562	109	3	28.89
3262	9	3	26.48
469	324	7	74.02
12	1055	5	12
294	120	3	7.02
223	107	6	11.49
1863	101	3	10.48
143	14	96	132.29
1225	14	3	4.07
191	121	86	691.06
204	224	5	30.04
696	119	7	43.68
2195	104	3	14.93
177	141	4	9.35
116	1697	3	18.27
561	8	3	13.53
1814	12	3	6.94
162	115	5	4.29
634	126	3	14.65
1445	12	3	5.85
1	9	6	15.73
111	335	5	14.83
636	101	4	7.42
2199	14	3	7.35
161	853	3	21.68
1695	101	3	9.77
2539	124	3	23.44
3135	14	3	9.39
450	509	3	29.75
101	594	5	10.35
1977	134	5	45.39
347	102	5	4.91
1175	166	3	25.06
101	2883	4	21.27
147	104	12	5.21
104	1054	5	22.73
102	4007	3	17.5
101	2697	5	30.65
3037	14	4	15.75
1679	191	3	29.48
2	214	5	4.91
419	105	8	32.24
366	124	16	110.11
147	120	10	16.07
2030	834	3	43
101	517	6	13.07
102	1187	4	13.04
1612	222	3	30.64
459	12	7	9.47
312	110	4	9.34
124	117	12	10.17
111	321	4	9.88
4391	102	3	17.5
458	138	4	21.04
6776	14	3	17.37
130	258	5	18.36
107	403	3	6.96
108	819	3	11.49
250	116	3	4.67
142	264	3	9.74
107	151	9	7.58
2003	14	3	6.59
287	107	4	7.63
315	131	5	21.6
106	1300	3	14.75
119	1483	4	26.59
165	277	6	36.11
101	314	20	63.07
120	2977	4	34.53
110	230	4	6.12
329	109	3	5.51
12	2141	3	8.39
261	120	6	19.76
839	101	6	18.91
2284	14	4	12.52
241	103	12	24.53
137	111	22	43.45
102	2074	4	18.38
144	523	4	23.39
369	155	4	22.68
101	768	3	4.9
267	106	5	10.63
2408	2948	5	100.57
2118	12	3	8.39
995	12	3	3.97
102	3342	3	15.32
108	412	3	7.24
131	12	52	22.16
870	112	4	19.74
141	102	39	39.17
768	109	3	11.4
1614	14	3	5.39
13	333	3	10.81
101	1921	3	10.48
610	14	17	60.46
650	109	5	22.64
102	937	4	10.49
101	1785	3	9.77
126	904	5	33.72
416	1038	5	63.33
145	244	4	14.64
335	113	5	15.4
2243	12	3	8.39
157	123	5	7.15
116	1318	6	42.95
259	102	10	13.67
12	2907	3	10.47
121	126	8	4.71
116	417	6	26.24
105	376	3	5.52
132	136	25	91.22
106	688	3	10.42
3691	14	3	10.86
129	641	4	22.93
401	118	7	32.97
262	122	3	6.38
104	512	8	30.83
126	1829	4	32.08
212	112	4	5.71
102	1663	5	22.98
12	145	136	332.3
102	1105	4	12.44
151	226	12	70.79
2523	14	3	8.26
104	1161	4	16.75
396	9	23	187.63
292	137	5	21.54
249	226	6	42.33
131	216	8	32.61
619	179	3	21.82
122	325	3	8
160	984	3	22.67
122	250	5	14.49
331	132	6	29.25
194	533	4	31.74
101	669	3	4.28
155	12	44	47.46
332	106	3	5.29
155	168	4	11.41
12	566	6	8.89
439	104	4	8.7
121	360	4	13.77
586	736	3	34.09
104	144	62	181.29
120	5110	3	31.61
2346	14	3	8.26
133	340	3	10.73
109	939	8	51.39
316	152	3	12.65
255	408	4	32.53
1185	108	4	21.68
135	108	15	15.64
586	119	4	18.5
142	351	4	18.35
1598	12	4	10.91
130	345	3	10.73
139	277	3	9.84
2326	108	3	19.2
3844	12	3	11.96
555	119	3	11.92
414	143	3	13.76
1104	118	4	24.08
4955	101	4	28.8
215	4141	3	38.78
1845	103	4	19.78
651	111	3	11.12
344	101	5	4.4
1014	14	5	9.71
102	340	15	42.63
146	553	3	16.69
123	107	26	37.32
228	139	4	12.8
319	116	3	6.47
126	500	6	34.78
102	594	10	36.03
120	1296	3	17.66
304	121	8	34.9
1311	1108	12	231.37
109	789	6	31.67
147	135	8	16.56
180	117	6	10.69
1811	12	5	17.45
169	227	5	25.25
229	242	4	24.61
106	276	4	7.36
1764	977	10	190.11
107	280	5	11.38
702	103	4	10.76
3027	14	4	15.75
723	101	3	4.68
143	142	4	4.14
849	111	7	42.58
6794	14	3	17.37
143	258	7	33.57
109	2204	3	18.39
102	1412	4	14.41
225	121	6	17.12
811	12	7	17.07
510	8	3	12.8
409	12	8	10.41
187	164	5	21.09
8	4513	3	28.53
255	115	3	4.61
548	102	5	10.25
101	2835	3	13.45
110	461	3	8.72
121	812	4	21.66
116	952	4	21.16
101	2731	6	43.2
12	773	15	63.58
2956	14	4	15.75
107	4124	3	24.15
794	101	3	5.13
117	2193	3	20.35
116	3444	3	23.69
496	124	5	26.2
111	116	20	13.73
1805	106	3	16.53
6001	106	3	28.62
101	4008	3	17.16
116	4106	3	25.91
392	104	4	7.3
103	102	136	32.91
266	112	4	8.04
12	1460	4	10.15
151	239	7	34.78
182	366	3	17.76
2748	764	4	64.38
176	144	4	9.89
641	2	3	8.19
467	481	6	69.1
2482	14	5	20.8
157	262	5	25.8
105	4069	3	22.97
157	146	3	4.48
1323	137	4	30.6
1711	14	4	10.38
121	111	29	45.11
262	163	4	19.85
169	612	3	20.51
121	239	3	5.39
121	306	3	7.43
134	196	3	6.1
109	105	50	55.73
300	153	6	34.25
102	1666	3	10.1
101	938	7	26.06
16	187	11	35.68
1016	12	7	21.09
12	192	17	9.79
101	623	6	15.33
1092	215	3	28.28
101	726	5	12.49
299	6175	3	46.49
12	595	7	12.74
291	124	7	30.26
1514	9	3	20.37
128	101	74	115.9
168	153	22	134.57
183	1651	5	54.42
108	382	13	66.6
442	510	35	630.11
1209	101	3	7.66
282	113	4	9.08
1342	12	4	9.47
117	3111	4	33.55
101	1903	7	40.98
1019	106	6	35.37
248	102	15	29.39
103	499	3	4.54
13	240	6	24.21
941	12	4	6.52
104	1386	4	18.78
114	810	4	19.59
355	151	4	20.21
105	1524	4	22.32
676	107	3	10.43
102	668	7	21.92
457	242	3	23.11
136	866	4	26.44
153	149	3	4.37
263	124	4	11.86
485	120	4	17.14
970	127	3	17.6
137	285	3	9.74
1761	134	3	22.45
921	158	4	32.12
120	662	5	27.45
4471	119	3	26.84
134	180	5	12.68
109	206	6	10.87
101	4230	4	28.8
102	3476	3	15.32
1908	112	5	37.11
591	134	4	22.78
155	440	3	16.92
869	324	3	30.19
102	1769	3	10.1
440	681	3	31.63
116	2774	4	32.92
141	473	4	21.78
126	4334	4	44.41
107	1041	4	20.39
102	2142	3	11.62
532	12	5	5.4
111	128	9	4.02
126	443	24	211.67
123	130	6	4.03
123	193	4	7.84
124	1376	5	38.71
197	253	4	23.12
162	116	8	12.92
397	101	5	6.14
107	1139	4	20.97
110	355	6	20.68
996	139	5	38.27
104	985	9	51.44
102	1260	3	7.97
333	117	4	11.71
101	518	7	17.33
174	121	30	147.97
101	341	9	16.12
106	356	4	9.85
133	164	5	10.61
165	152	8	30.21
1677	1717	3	47.24
12	980	4	6.92
294	121	9	40.45
362	102	5	5.55
110	107	67	136.29
1329	14	4	8.13
3120	14	3	9.39
483	101	9	25.31
1945	14	5	17.03
120	237	3	5.18
109	1013	3	13.28
129	1111	3	19.13
358	111	3	6.7
139	107	20	32.73
1358	14	7	23.26
118	418	9	48.89
109	1784	4	25.16
113	975	3	13.97
101	1609	4	14.77
1005	3457	5	93.76
126	341	5	21.04
146	140	13	40.47
614	123	3	14.07
267	121	6	20.41
1370	102	4	13.69
128	202	5	14.3
256	291	5	37.77
101	2483	5	27.74
934	14	5	8.64
3584	124	5	54.96
1129	107	3	13.83
12	1243	11	53.6
102	667	5	12.22
227	201	5	29.8
122	174	13	43.02
263	116	3	5.14
111	898	3	12.95
318	14	11	9.51
5812	9	3	33.19
122	120	15	16.45
172	107	6	6.01
104	1556	8	54.86
14	57	51	41.01
421	102	8	18.69
360	113	4	11.61
141	117	17	34.16
680	12	6	10.8
140	211	5	17.27
109	1489	5	31.97
1378	106	4	23.03
231	152	3	9.95
127	118	18	30.26
798	103	3	7.15
533	509	3	31.11
102	921	9	40.09
1132	14	7	20.71
102	862	5	14.87
164	2	12	16.33
563	105	5	18.9
155	587	3	18.85
2898	14	3	9.39
12	230	46	136.58
105	467	3	7.18
101	1040	7	28.97
109	211	4	4.89
566	12	13	39.73
171	128	4	6.67
101	450	6	11
106	302	8	26.78
175	890	3	23.54
385	104	3	3.87
2036	119	4	29.47
104	4251	3	20.9
124	102	28	4.82
115	196	12	38.86
119	2679	3	23.05
120	422	5	21.93
105	4282	4	36.6
191	485	3	20.93
101	4170	3	17.16
102	2642	3	12.6
109	1997	3	17.53
3829	14	3	10.86
101	1216	3	7.66
1182	12	3	4.99
354	104	9	27.19
126	450	6	32.76
114	410	4	13.59
358	14	14	21.52
2075	101	3	11.29
919	124	9	72.77
125	137	33	126.72
1199	101	4	12.6
389	14	13	21.69
993	101	4	10.97
110	297	4	8.86
143	157	7	19.56
105	827	3	10.6
104	2411	3	15.93
223	102	16	28.04
12	2224	5	20.54
109	923	3	12.58
104	841	3	8.67
1909	12	3	7.61
110	145	14	19.86
181	769	5	44.22
1509	104	3	12.14
110	209	6	11.76
1772	14	3	5.95
105	674	3	9.33
307	127	3	9.27
102	1526	3	9.47
190	411	3	19.48
3164	146	3	27.96
818	14	5	7.3
179	137	6	17.72
237	124	4	10.46
840	110	3	12.38
334	12	16	30.29
1250	12	5	13.44
468	272	3	24.76
142	231	4	13.51
1296	106	7	48.96
126	2666	4	36.79
102	2807	3	13.79
103	817	3	7.15
513	151	4	24.48
123	122	8	4.46
228	153	5	22.25
111	124	11	5.32
964	101	3	6.21
114	1268	4	24.29
109	2602	3	19.4
278	149	4	17.32
106	144	19	32.66
4165	101	3	17.16
136	1416	4	31.13
104	1094	5	23.48
1068	12	5	12
1222	119	5	34.08
3217	112	3	22.94
180	102	12	7.66
116	1041	4	22.69
317	802	3	29.4
116	2888	3	22.12
101	1043	3	6.88
175	365	5	34
580	113	3	10.85
102	1850	4	17.16
645	12	8	18.32
247	5445	3	44.67
129	829	3	16.96
121	301	3	7.28
104	528	6	20.24
5165	5575	3	71.68
236	1790	3	31.94
604	102	3	4.02
615	12	4	3.96
127	193	5	12.88
103	161	10	4.26
365	1045	3	32.96
167	293	3	14.37
102	714	6	17.34
303	121	5	17.15
112	140	24	53.97
248	161	4	18.44
277	1376	4	45.84
101	3280	3	14.98
1480	127	4	29.74
2236	14	4	12.52
182	120	4	5.36
4665	2092	3	56.59
8	3110	6	66.06
4288	16	4	42.07
216	120	7	20.83
121	420	6	28.85
104	276	13	39.67
899	709	3	36.43
16	454	4	16.44
102	2039	4	17.16
1453	12	3	5.85
175	117	6	9.93
137	140	6	8.31
117	483	6	29.33
102	2175	3	11.62
107	1010	4	19.85
104	1266	3	11.62
113	286	5	13.49
116	4142	3	25.91
475	171	3	18.91
847	12	5	9.29
102	955	4	10.93
103	229	6	4.87
167	164	8	36.44
973	108	13	103.25
452	12	6	6.16
762	119	7	45.04
812	12	13	51.29
342	128	4	16.04
235	125	5	15.46
164	135	5	10.7
171	109	7	8.61
101	2340	3	12.26
551	904	3	35.2
1524	101	6	28.32
1543	103	3	11.38
1256	14	4	7.54
104	507	17	95.88
158	107	11	17.48
531	665	4	46.57
206	378	4	29.17
101	2597	3	12.26
148	118	47	208.97
2026	14	3	6.59
2	915	4	16.07
181	189	5	23.57
662	12	5	7.36
117	3868	4	36.18
126	2091	4	33.35
101	666	6	16.22
1539	12	3	6.36
332	104	7	16.29
277	117	3	5.93
102	633	5	11.86
145	455	5	29.92
113	438	5	19.83
809	106	3	11.42
153	121	8	13.44
102	837	3	5.66
112	257	4	7.52
541	1058	3	36.33
588	12	5	6.15
396	114	5	18.56
101	3305	5	36
141	251	5	19.89
104	1522	5	27.3
2261	14	3	7.35
104	1479	3	12.14
3889	207	4	57.42
142	352	5	25.19
2483	275	4	51.55
510	1430	5	69.35
142	487	7	47.35
482	110	5	20.07
107	245	5	9.47
2111	12	3	8.39
1886	3452	5	101.99
1712	128	3	21.8
240	1205	3	29.84
115	352	4	11.59
187	180	4	16.88
159	150	32	201.44
135	102	23	5.43
102	3914	3	17.5
2	358	3	4.1
322	16	3	7.56
473	14	12	25.04
1375	9	3	19.77
514	107	3	8.7
101	562	19	96.15
147	132	6	9.36
103	3353	4	27
118	1397	3	17.61
101	2715	4	21.27
2255	102	4	18.38
5234	115	3	30.19
101	2851	3	13.45
108	6830	3	28.69
120	1359	3	17.66
112	2244	3	19.13
109	2007	4	26.24
118	330	4	11.87
3029	395	3	40.79
222	12	21	26.98
1989	12	3	7.61
102	4738	3	17.5
103	790	3	6.9
264	239	4	26.43
1967	111	6	47.82
111	244	4	7.15
1376	165	3	26.05
210	136	6	21.68
152	373	5	29.01
1923	12	3	7.61
936	12	4	6.52
133	1200	4	29.41
119	1345	3	17.39
123	145	9	14.95
228	113	4	6.65
123	209	3	5.36
102	1124	3	7.56
440	108	3	7.87
385	121	3	9.31
2269	112	3	19.13
424	199	4	30.05
12	816	9	26.98
110	371	5	16.32
943	111	5	27.66
169	137	5	11.48
2530	14	3	8.26
110	122	22	24.38
135	146	6	9.32
1435	3370	3	51.45
688	199	3	23.87
200	102	13	14.38
106	424	3	7.54
124	473	5	25.64
362	117	3	8.09
364	1074	3	32.96
736	4292	3	49.09
179	12	24	19.49
765	148	3	19.04
152	124	84	549.32
118	433	5	21.45
161	287	9	60.45
282	142	3	10.26
265	731	3	27.31
102	617	6	15.95
247	1044	3	29.24
2509	12	3	9.32
1576	12	3	6.36
270	190	3	15.71
743	106	7	38.12
141	161	6	14.92
310	152	5	25.89
102	3355	3	15.32
601	12	5	6.43
12	415	32	144.63
356	246	5	40.36
109	4848	3	24.41
155	21	3	4.93
101	655	6	15.76
224	444	3	22.21
2092	14	3	7.35
3011	14	3	9.39
104	2848	3	17.14
105	391	4	9.68
12	235	19	24.23
271	14	30	68.87
164	120	9	20.69
12	107	182	149.33
1942	14	6	23.62
224	189	29	273.77
1163	172	3	25.08
530	106	3	9.03
103	3704	3	17.31
624	126	3	14.43
121	140	6	3.87
121	188	7	17.39
959	365	3	32.18
108	247	8	22.18
102	2158	4	18.38
101	3525	3	14.98
406	102	4	4.15
102	2330	5	28.31
1465	111	5	33.16
127	107	11	4.87
102	873	5	14.87
1973	14	3	6.59
101	1732	4	15.67
