5954	1
436	2
7806	3
8588	4
9356	5
4775	6
1584	7
6778	8
3306	9
2677	10
3709	11
4438	12
7878	13
2190	14
7496	15
6335	16
9530	17
2164	18
245	19
3336	20
893	21
8219	22
6528	23
5843	24
9580	25
6479	26
871	27
3702	28
1033	29
9671	30
5203	31
3115	32
9389	33
5470	34
327	35
3799	36
5104	37
5555	38
5601	39
30	40
9810	41
2655	42
4743	43
5864	44
3964	45
7178	46
7335	47
4829	48
7714	49
9922	50
1344	51
8070	52
2300	53
276	54
8130	55
4516	56
2585	57
5080	58
5837	59
7288	60
6816	61
7790	62
2189	63
9375	64
4627	65
7065	66
1438	67
6509	68
8936	69
8414	70
5331	71
8907	72
7757	73
3934	74
9092	75
899	76
2596	77
4806	78
7236	79
50	80
1804	81
7738	82
1751	83
126	84
1069	85
7213	86
7768	87
5078	88
9835	89
5006	90
9645	91
6568	92
5474	93
3166	94
3262	95
3752	96
5603	97
4754	98
670	99
7317	100
4142	101
9712	102
5704	103
5460	104
1124	105
2980	106
3284	107
3522	108
7196	109
1789	110
2070	111
2898	112
23	113
3741	114
4903	115
6841	116
2580	117
2848	118
2644	119
3634	120
1547	121
3475	122
8129	123
7142	124
6086	125
5579	126
8490	127
5526	128
6572	129
5424	130
9677	131
4280	132
7018	133
8487	134
3863	135
7197	136
9436	137
6055	138
734	139
1143	140
4901	141
6522	142
1041	143
8875	144
7586	145
260	146
4165	147
8639	148
5761	149
5578	150
5416	151
6205	152
9564	153
1446	154
3670	155
3736	156
6933	157
9424	158
6695	159
471	160
2886	161
7322	162
9419	163
1455	164
5593	165
3652	166
6636	167
8669	168
1905	169
7050	170
5494	171
6531	172
5513	173
98	174
237	175
8782	176
4163	177
6057	178
6059	179
4408	180
6294	181
7551	182
5675	183
1949	184
7622	185
1467	186
5293	187
2723	188
8285	189
4603	190
1838	191
3382	192
8318	193
3739	194
8891	195
4561	196
6654	197
8505	198
1195	199
5122	200
2363	201
277	202
4748	203
6674	204
6887	205
1686	206
6669	207
7182	208
3025	209
9867	210
326	211
5461	212
6759	213
9478	214
9846	215
3258	216
5010	217
5695	218
8187	219
6672	220
4262	221
6156	222
4740	223
4659	224
5677	225
5456	226
5899	227
6798	228
768	229
8404	230
2666	231
7923	232
8168	233
1859	234
8089	235
4382	236
8236	237
6239	238
9113	239
2827	240
3985	241
5588	242
6389	243
8812	244
142	245
9836	246
9177	247
783	248
7899	249
5072	250
3273	251
3203	252
3624	253
9243	254
3366	255
2929	256
5976	257
9494	258
3026	259
546	260
8661	261
3371	262
564	263
6336	264
7862	265
6017	266
6004	267
3083	268
6311	269
5012	270
4540	271
3278	272
6936	273
293	274
5591	275
730	276
6538	277
9596	278
2504	279
49	280
562	281
7041	282
1996	283
540	284
6962	285
9787	286
6265	287
7392	288
9245	289
1166	290
9688	291
1022	292
3049	293
6969	294
3681	295
57	296
6077	297
3685	298
1572	299
535	300
7085	301
7413	302
2238	303
4997	304
9443	305
9803	306
1524	307
964	308
5316	309
1002	310
5117	311
5985	312
5605	313
3498	314
4076	315
1382	316
3	317
2686	318
980	319
9463	320
410	321
815	322
8516	323
265	324
8311	325
7260	326
3742	327
5210	328
8350	329
2782	330
4508	331
1744	332
2733	333
8497	334
5667	335
6682	336
3392	337
7047	338
2700	339
9912	340
4589	341
4937	342
7552	343
8480	344
2066	345
3184	346
9278	347
8435	348
7783	349
4895	350
3520	351
4104	352
330	353
7172	354
1654	355
3513	356
6340	357
1298	358
5840	359
9553	360
4777	361
8526	362
8076	363
8482	364
3691	365
8375	366
3642	367
8573	368
2339	369
1169	370
5845	371
5787	372
4352	373
1372	374
1624	375
4999	376
8044	377
6643	378
4512	379
3869	380
2499	381
7207	382
8880	383
1887	384
4481	385
9085	386
8452	387
6628	388
7267	389
1086	390
4682	391
8558	392
8861	393
3116	394
4019	395
695	396
6698	397
5058	398
2933	399
2539	400
6632	401
3143	402
4378	403
6223	404
1308	405
6052	406
2561	407
4459	408
8679	409
9837	410
56	411
3463	412
7295	413
6599	414
6653	415
3790	416
841	417
1968	418
8576	419
5236	420
2832	421
8619	422
9522	423
2663	424
1152	425
6616	426
445	427
5432	428
5552	429
6284	430
1256	431
5730	432
2099	433
9705	434
3358	435
1596	436
446	437
6262	438
442	439
8140	440
107	441
5584	442
2031	443
1667	444
652	445
9605	446
6983	447
842	448
7480	449
3717	450
3013	451
5628	452
2839	453
3403	454
4218	455
8604	456
4831	457
4994	458
5191	459
2474	460
9456	461
706	462
3291	463
1420	464
4103	465
749	466
5173	467
3086	468
8511	469
5689	470
7748	471
9055	472
5252	473
8486	474
2004	475
334	476
9588	477
4552	478
7533	479
6687	480
5348	481
2578	482
8098	483
1748	484
5197	485
983	486
2636	487
9224	488
4035	489
5989	490
1860	491
9099	492
6587	493
4906	494
4250	495
3315	496
1141	497
4786	498
3746	499
550	500
9235	501
2837	502
3714	503
7957	504
4616	505
3764	506
9565	507
9280	508
7154	509
3430	510
6373	511
2615	512
963	513
7412	514
4180	515
7519	516
4985	517
5627	518
3464	519
5946	520
9481	521
7321	522
2962	523
8263	524
6803	525
3287	526
4875	527
1657	528
9039	529
8882	530
4878	531
8600	532
7634	533
5686	534
9742	535
7285	536
21	537
3589	538
3987	539
58	540
8197	541
6489	542
6484	543
3831	544
7534	545
4635	546
5465	547
6901	548
6438	549
1091	550
419	551
4737	552
3832	553
3626	554
4123	555
8245	556
8004	557
9149	558
4140	559
7664	560
150	561
5292	562
8046	563
1322	564
7230	565
3123	566
8962	567
674	568
5857	569
1983	570
6109	571
3277	572
4243	573
1701	574
1388	575
4870	576
7108	577
919	578
3815	579
6819	580
4716	581
713	582
7646	583
578	584
3404	585
4084	586
7458	587
82	588
8146	589
6648	590
4502	591
8225	592
3850	593
8138	594
9547	595
2604	596
1031	597
6554	598
4149	599
2395	600
512	601
8914	602
4339	603
2728	604
4807	605
8042	606
7078	607
7567	608
2975	609
55	610
8946	611
720	612
2169	613
2176	614
1858	615
4606	616
1027	617
9080	618
9051	619
185	620
1602	621
7639	622
5632	623
2185	624
1908	625
7465	626
6557	627
7942	628
7987	629
3915	630
7891	631
7238	632
5271	633
3612	634
7896	635
3759	636
649	637
2590	638
187	639
7617	640
3347	641
310	642
5050	643
4693	644
1168	645
5865	646
8473	647
5700	648
231	649
9317	650
4741	651
5417	652
363	653
3984	654
8682	655
4172	656
3246	657
4761	658
7812	659
4174	660
1224	661
839	662
4230	663
852	664
15	665
393	666
3098	667
7731	668
4553	669
9682	670
5548	671
6784	672
3616	673
3297	674
69	675
9822	676
4640	677
9597	678
5092	679
3301	680
8	681
3343	682
2546	683
2202	684
5635	685
7557	686
4569	687
9213	688
6310	689
9856	690
3094	691
6072	692
3313	693
3610	694
5037	695
1452	696
7740	697
6830	698
9046	699
1329	700
459	701
743	702
9899	703
1203	704
6801	705
3843	706
5583	707
769	708
7950	709
4771	710
6139	711
2716	712
5250	713
1783	714
432	715
1755	716
9888	717
563	718
8668	719
1625	720
8163	721
4041	722
693	723
8983	724
746	725
9370	726
5546	727
8051	728
571	729
1219	730
397	731
4936	732
9146	733
7372	734
796	735
2516	736
4287	737
4476	738
5476	739
9703	740
2849	741
5556	742
4064	743
3259	744
998	745
2594	746
2343	747
338	748
6435	749
3462	750
5685	751
6126	752
3363	753
1115	754
7278	755
5165	756
4471	757
762	758
2906	759
5048	760
6286	761
9557	762
599	763
9360	764
1666	765
5466	766
8809	767
7885	768
4713	769
6991	770
5397	771
6774	772
4132	773
26	774
2140	775
3158	776
813	777
4514	778
1061	779
9417	780
1868	781
6884	782
2537	783
9114	784
2910	785
555	786
6712	787
4363	788
4095	789
9913	790
638	791
2513	792
700	793
113	794
7406	795
8755	796
7175	797
2094	798
7613	799
1509	800
5286	801
249	802
7632	803
1301	804
5511	805
6781	806
3501	807
6234	808
6428	809
3052	810
6845	811
1985	812
4580	813
7531	814
802	815
7459	816
4461	817
9534	818
9232	819
5561	820
2374	821
2844	822
6314	823
9678	824
4732	825
2997	826
2464	827
8281	828
3931	829
1269	830
3749	831
5848	832
9059	833
8570	834
6171	835
6377	836
8395	837
6278	838
4314	839
4282	840
2008	841
5521	842
1792	843
2954	844
1511	845
8494	846
7558	847
8685	848
6307	849
2266	850
1855	851
5822	852
5773	853
3415	854
1672	855
1321	856
7542	857
1025	858
6317	859
8133	860
781	861
3797	862
5760	863
6196	864
6617	865
4818	866
3651	867
3980	868
5229	869
7984	870
8297	871
258	872
3907	873
6191	874
2265	875
4201	876
117	877
344	878
5333	879
1492	880
9205	881
7686	882
5373	883
1621	884
5957	885
1642	886
5153	887
4380	888
739	889
4642	890
6614	891
9518	892
6142	893
3091	894
4057	895
7428	896
5980	897
5341	898
8113	899
7869	900
9035	901
5811	902
5124	903
4655	904
2750	905
2415	906
2760	907
160	908
9929	909
5725	910
440	911
8496	912
4683	913
4190	914
3360	915
3877	916
1903	917
2410	918
3141	919
8155	920
662	921
7156	922
5881	923
9359	924
779	925
2609	926
6011	927
8810	928
692	929
8277	930
3824	931
2035	932
677	933
8835	934
3007	935
9495	936
6667	937
5370	938
1603	939
3160	940
2268	941
2510	942
2208	943
9554	944
9709	945
6412	946
1764	947
4444	948
1815	949
1562	950
7719	951
6322	952
4495	953
4454	954
4869	955
5507	956
5228	957
8718	958
1512	959
8125	960
1304	961
3808	962
7782	963
3888	964
2479	965
3240	966
640	967
500	968
2016	969
8322	970
8955	971
1295	972
4270	973
4780	974
5872	975
9390	976
7775	977
2689	978
2736	979
9451	980
7966	981
1073	982
7913	983
3117	984
9731	985
4630	986
4874	987
2096	988
8919	989
1528	990
6058	991
3706	992
4966	993
9784	994
5614	995
19	996
5149	997
1436	998
154	999
4560	1000
2226	1001
279	1002
5204	1003
2152	1004
5856	1005
8440	1006
7421	1007
4583	1008
5269	1009
7901	1010
2823	1011
1035	1012
5298	1013
1517	1014
4980	1015
2959	1016
3913	1017
2245	1018
373	1019
2182	1020
4130	1021
9447	1022
7163	1023
8549	1024
3643	1025
5047	1026
9658	1027
6604	1028
2773	1029
8248	1030
1023	1031
4085	1032
3422	1033
1084	1034
7044	1035
6083	1036
250	1037
9552	1038
2166	1039
4415	1040
4876	1041
4191	1042
7975	1043
5030	1044
8255	1045
4566	1046
5059	1047
8020	1048
6783	1049
7356	1050
8564	1051
6683	1052
8948	1053
9001	1054
6629	1055
2518	1056
863	1057
5703	1058
1559	1059
4014	1060
4658	1061
6838	1062
4246	1063
825	1064
9583	1065
5075	1066
8677	1067
3477	1068
3149	1069
5827	1070
7144	1071
7971	1072
1247	1073
820	1074
8202	1075
9676	1076
3805	1077
6436	1078
7803	1079
3383	1080
5611	1081
9038	1082
6120	1083
1013	1084
1514	1085
2033	1086
1501	1087
4310	1088
1194	1089
5019	1090
4485	1091
5558	1092
3751	1093
6202	1094
1038	1095
2500	1096
616	1097
6384	1098
8485	1099
8418	1100
7819	1101
6371	1102
1821	1103
6042	1104
6939	1105
3829	1106
6762	1107
7189	1108
1700	1109
8371	1110
3504	1111
3567	1112
3408	1113
7578	1114
5794	1115
2293	1116
1897	1117
6702	1118
3599	1119
2069	1120
2338	1121
2416	1122
7002	1123
7871	1124
123	1125
6747	1126
648	1127
891	1128
9385	1129
6186	1130
6368	1131
7233	1132
1100	1133
6535	1134
5870	1135
2696	1136
8771	1137
1518	1138
1255	1139
39	1140
1597	1141
3928	1142
219	1143
7009	1144
9445	1145
8021	1146
2331	1147
8525	1148
731	1149
2582	1150
2297	1151
1488	1152
7694	1153
5340	1154
1793	1155
788	1156
1977	1157
8968	1158
2014	1159
1326	1160
6912	1161
372	1162
1347	1163
1828	1164
4497	1165
3472	1166
5295	1167
5613	1168
4007	1169
7099	1170
6420	1171
2404	1172
4206	1173
5723	1174
4422	1175
1102	1176
4932	1177
7188	1178
5200	1179
3066	1180
5086	1181
6495	1182
9878	1183
6356	1184
5285	1185
7024	1186
343	1187
7244	1188
7645	1189
2249	1190
5377	1191
9738	1192
856	1193
3998	1194
1114	1195
1362	1196
4634	1197
6385	1198
4793	1199
3500	1200
5021	1201
3555	1202
8249	1203
5828	1204
520	1205
5194	1206
8234	1207
2727	1208
9849	1209
5114	1210
1098	1211
777	1212
949	1213
5724	1214
9910	1215
3887	1216
6134	1217
9480	1218
9314	1219
1309	1220
6775	1221
2191	1222
9729	1223
181	1224
8753	1225
7750	1226
8111	1227
43	1228
5001	1229
4629	1230
5032	1231
3921	1232
3171	1233
60	1234
1087	1235
7000	1236
1381	1237
9106	1238
1450	1239
147	1240
2396	1241
853	1242
1706	1243
878	1244
5126	1245
4300	1246
47	1247
2129	1248
140	1249
7100	1250
1935	1251
1987	1252
2315	1253
8279	1254
8733	1255
7725	1256
8223	1257
9421	1258
5830	1259
2344	1260
3228	1261
8598	1262
1797	1263
6975	1264
1802	1265
6732	1266
1976	1267
5202	1268
6423	1269
6487	1270
8890	1271
4736	1272
2180	1273
3243	1274
6744	1275
1453	1276
8860	1277
5895	1278
1477	1279
8538	1280
505	1281
143	1282
7396	1283
4581	1284
4749	1285
2710	1286
8706	1287
1240	1288
4128	1289
8636	1290
7863	1291
8508	1292
8528	1293
39	1294
3163	1295
8413	1296
3129	1297
6031	1298
9259	1299
4753	1300
6388	1301
5067	1302
371	1303
3157	1304
5071	1305
1136	1306
7016	1307
5671	1308
170	1309
5105	1310
4000	1311
2256	1312
5278	1313
2204	1314
3261	1315
9777	1316
4070	1317
2790	1318
3087	1319
6348	1320
1034	1321
1117	1322
1421	1323
5893	1324
5233	1325
112	1326
3857	1327
3654	1328
8180	1329
319	1330
2401	1331
2349	1332
3713	1333
5185	1334
1110	1335
1536	1336
7455	1337
5435	1338
3483	1339
6821	1340
5519	1341
2809	1342
833	1343
2785	1344
9060	1345
6357	1346
7752	1347
377	1348
6965	1349
4255	1350
8150	1351
8216	1352
4811	1353
8612	1354
6923	1355
2453	1356
6269	1357
1910	1358
3660	1359
5901	1360
9576	1361
6049	1362
7564	1363
4981	1364
3778	1365
4674	1366
2261	1367
2765	1368
5715	1369
2829	1370
9575	1371
2909	1372
679	1373
8785	1374
4208	1375
3959	1376
430	1377
9128	1378
2797	1379
675	1380
6584	1381
2891	1382
6715	1383
6382	1384
4712	1385
1604	1386
5489	1387
1422	1388
8463	1389
6064	1390
6381	1391
8171	1392
2276	1393
7993	1394
1890	1395
2262	1396
8084	1397
3279	1398
2845	1399
5151	1400
3632	1401
8937	1402
333	1403
7620	1404
6143	1405
4193	1406
429	1407
1466	1408
3923	1409
6649	1410
8687	1411
1737	1412
9246	1413
1917	1414
5323	1415
2051	1416
2077	1417
6506	1418
2966	1419
6974	1420
4585	1421
7446	1422
5953	1423
1685	1424
1044	1425
7006	1426
6950	1427
1223	1428
467	1429
8911	1430
5618	1431
9735	1432
4144	1433
4861	1434
6029	1435
3586	1436
3196	1437
1614	1438
5908	1439
7516	1440
551	1441
485	1442
7129	1443
7363	1444
1731	1445
3494	1446
3084	1447
3270	1448
8114	1449
7079	1450
129	1451
1866	1452
8808	1453
1945	1454
1121	1455
3221	1456
8412	1457
9144	1458
8391	1459
3538	1460
7707	1461
388	1462
873	1463
4434	1464
3885	1465
851	1466
4695	1467
5263	1468
3138	1469
9726	1470
5045	1471
7241	1472
8091	1473
4445	1474
7811	1475
9511	1476
6036	1477
9602	1478
5535	1479
364	1480
9207	1481
2012	1482
9014	1483
8596	1484
5509	1485
6547	1486
8720	1487
6968	1488
2650	1489
5648	1490
7058	1491
5376	1492
3883	1493
4439	1494
7601	1495
44	1496
8757	1497
1378	1498
6035	1499
4030	1500
7772	1501
4727	1502
3314	1503
6896	1504
7825	1505
8061	1506
6127	1507
6119	1508
7013	1509
4517	1510
4252	1511
2741	1512
6503	1513
2013	1514
3233	1515
9509	1516
2063	1517
2668	1518
6716	1519
1988	1520
2024	1521
14	1522
5652	1523
8055	1524
7131	1525
7253	1526
1458	1527
431	1528
2080	1529
8493	1530
4248	1531
501	1532
8885	1533
7289	1534
9487	1535
1551	1536
2039	1537
9880	1538
2422	1539
395	1540
5572	1541
2372	1542
9081	1543
2992	1544
7152	1545
167	1546
1428	1547
3556	1548
4687	1549
5863	1550
1412	1551
7907	1552
3956	1553
3104	1554
6088	1555
8816	1556
6062	1557
7324	1558
2316	1559
7119	1560
9331	1561
1960	1562
7280	1563
4975	1564
3248	1565
6741	1566
1414	1567
9225	1568
1733	1569
4083	1570
3169	1571
5638	1572
8879	1573
6167	1574
9807	1575
810	1576
3245	1577
4431	1578
4815	1579
1243	1580
4694	1581
1192	1582
4171	1583
5850	1584
8635	1585
2824	1586
8814	1587
8430	1588
5170	1589
8638	1590
2617	1591
7791	1592
2810	1593
4088	1594
1072	1595
9873	1596
5445	1597
1213	1598
4817	1599
2195	1600
2044	1601
4969	1602
1437	1603
9477	1604
9179	1605
6302	1606
4240	1607
6818	1608
9083	1609
8110	1610
5510	1611
1555	1612
8691	1613
8674	1614
1179	1615
6641	1616
3302	1617
3095	1618
4652	1619
1096	1620
9938	1621
4692	1622
561	1623
8333	1624
4402	1625
646	1626
1936	1627
6228	1628
6556	1629
4044	1630
4755	1631
9814	1632
3187	1633
4295	1634
6474	1635
6496	1636
6453	1637
1482	1638
3924	1639
9661	1640
1502	1641
7282	1642
7127	1643
3597	1644
2109	1645
5624	1646
9675	1647
608	1648
4334	1649
6954	1650
973	1651
4410	1652
8767	1653
2354	1654
9107	1655
391	1656
1217	1657
5038	1658
8240	1659
7908	1660
6621	1661
7323	1662
2724	1663
128	1664
1149	1665
1	1666
7221	1667
2271	1668
1736	1669
759	1670
994	1671
9683	1672
5444	1673
8476	1674
9367	1675
559	1676
149	1677
6761	1678
3344	1679
3135	1680
3679	1681
3609	1682
3111	1683
5687	1684
2904	1685
7052	1686
5833	1687
8341	1688
8166	1689
9508	1690
4477	1691
9611	1692
1552	1693
3539	1694
1717	1695
4709	1696
5625	1697
1234	1698
2009	1699
6301	1700
7778	1701
1487	1702
4865	1703
2934	1704
9924	1705
4176	1706
2318	1707
5342	1708
9881	1709
75	1710
908	1711
3234	1712
8618	1713
9275	1714
8978	1715
4493	1716
1831	1717
2675	1718
2825	1719
7606	1720
6145	1721
3533	1722
780	1723
6705	1724
575	1725
1133	1726
890	1727
9614	1728
3144	1729
4188	1730
8479	1731
8676	1732
7435	1733
2911	1734
6711	1735
2974	1736
7715	1737
4570	1738
6245	1739
6279	1740
8023	1741
1074	1742
4223	1743
8694	1744
3978	1745
9442	1746
5198	1747
3132	1748
3108	1749
6303	1750
884	1751
943	1752
1812	1753
8851	1754
5754	1755
8468	1756
2912	1757
4657	1758
3940	1759
9496	1760
5178	1761
3572	1762
8595	1763
6174	1764
5914	1765
9623	1766
2125	1767
7886	1768
3151	1769
6260	1770
7418	1771
2084	1772
1990	1773
4650	1774
2324	1775
437	1776
7870	1777
2852	1778
6298	1779
9167	1780
1695	1781
3697	1782
7912	1783
6758	1784
3068	1785
8370	1786
6053	1787
8653	1788
9902	1789
4662	1790
8210	1791
7426	1792
7239	1793
2319	1794
2188	1795
5130	1796
1291	1797
4758	1798
8296	1799
2361	1800
5866	1801
5109	1802
4096	1803
5270	1804
4237	1805
155	1806
9567	1807
6350	1808
1703	1809
4349	1810
7860	1811
9765	1812
9798	1813
2649	1814
1142	1815
4125	1816
5576	1817
3723	1818
7312	1819
4766	1820
6177	1821
2674	1822
7786	1823
32	1824
9716	1825
1921	1826
232	1827
4611	1828
9861	1829
246	1830
9756	1831
5678	1832
9526	1833
9019	1834
6249	1835
3093	1836
5089	1837
8628	1838
6321	1839
3763	1840
9486	1841
9374	1842
8461	1843
755	1844
5433	1845
7573	1846
1009	1847
2945	1848
7089	1849
211	1850
9393	1851
4499	1852
4276	1853
4971	1854
7010	1855
9133	1856
4194	1857
2203	1858
5000	1859
5145	1860
6854	1861
5855	1862
8305	1863
1405	1864
9648	1865
9077	1866
4442	1867
4405	1868
838	1869
65	1870
9057	1871
8038	1872
7274	1873
5164	1874
7761	1875
6515	1876
5423	1877
3189	1878
6169	1879
3182	1880
475	1881
2461	1882
8326	1883
4568	1884
9143	1885
7370	1886
521	1887
4367	1888
5673	1889
9791	1890
5073	1891
1409	1892
9313	1893
3854	1894
4432	1895
7067	1896
7677	1897
6725	1898
325	1899
3841	1900
2263	1901
5785	1902
4577	1903
6585	1904
4011	1905
9120	1906
8361	1907
3461	1908
9043	1909
3373	1910
3150	1911
8441	1912
4105	1913
1335	1914
6834	1915
3429	1916
9501	1917
1585	1918
626	1919
7704	1920
7004	1921
2863	1922
8774	1923
2631	1924
8910	1925
3051	1926
8436	1927
9129	1928
8451	1929
7555	1930
5147	1931
5755	1932
7485	1933
7815	1934
1844	1935
6836	1936
691	1937
1713	1938
8288	1939
9722	1940
2577	1941
7229	1942
3958	1943
660	1944
9739	1945
772	1946
6063	1947
2771	1948
64	1949
5524	1950
1257	1951
6050	1952
8103	1953
8889	1954
7303	1955
2229	1956
6020	1957
8072	1958
7204	1959
9427	1960
8584	1961
3294	1962
3176	1963
351	1964
4648	1965
3920	1966
8712	1967
5616	1968
1579	1969
4890	1970
9254	1971
9292	1972
3547	1973
4161	1974
834	1975
8989	1976
7666	1977
2820	1978
7234	1979
4319	1980
3398	1981
7543	1982
988	1983
2734	1984
50	1985
6627	1986
4170	1987
8894	1988
9613	1989
7432	1990
4294	1991
5562	1992
2218	1993
1782	1994
3975	1995
797	1996
527	1997
3820	1998
6670	1999
9193	2000
5052	2001
2087	2002
4407	2003
3412	2004
5409	2005
9296	2006
2310	2007
9158	2008
9216	2009
6074	2010
6799	2011
443	2012
5631	2013
1281	2014
7414	2015
2887	2016
8805	2017
5330	2018
12	2019
4968	2020
961	2021
6855	2022
6480	2023
6827	2024
4721	2025
1474	2026
541	2027
8719	2028
968	2029
4285	2030
5935	2031
6671	2032
9354	2033
8190	2034
6720	2035
6464	2036
4823	2037
9780	2038
558	2039
7147	2040
3862	2041
4591	2042
9366	2043
8306	2044
6987	2045
8863	2046
4886	2047
9542	2048
3795	2049
4851	2050
8991	2051
8267	2052
6997	2053
5116	2054
7934	2055
9795	2056
3074	2057
1609	2058
9893	2059
8536	2060
2019	2061
2020	2062
1548	2063
6241	2064
7270	2065
4838	2066
915	2067
962	2068
7097	2069
239	2070
9148	2071
8529	2072
7521	2073
2314	2074
4664	2075
2651	2076
7111	2077
5266	2078
8901	2079
2869	2080
3014	2081
5222	2082
8823	2083
7297	2084
7345	2085
4416	2086
9452	2087
9437	2088
7340	2089
2145	2090
3387	2091
2120	2092
6153	2093
8137	2094
4840	2095
6194	2096
7410	2097
5427	2098
6989	2099
2141	2100
4062	2101
5353	2102
6719	2103
3912	2104
301	2105
9021	2106
8736	2107
6602	2108
3321	2109
7344	2110
9111	2111
4127	2112
5135	2113
9338	2114
8207	2115
5225	2116
3703	2117
203	2118
3810	2119
1039	2120
6230	2121
6659	2122
2047	2123
9840	2124
7727	2125
6723	2126
5938	2127
2369	2128
8025	2129
518	2130
3796	2131
5738	2132
7565	2133
4066	2134
5705	2135
7107	2136
2	2137
1103	2138
4896	2139
5029	2140
1732	2141
2743	2142
2437	2143
316	2144
2482	2145
1693	2146
1582	2147
2900	2148
4022	2149
1481	2150
2064	2151
1468	2152
435	2153
4909	2154
1430	2155
1857	2156
304	2157
8822	2158
7705	2159
8599	2160
5175	2161
5144	2162
9800	2163
4012	2164
9747	2165
7717	2166
6220	2167
598	2168
9358	2169
4563	2170
8557	2171
3628	2172
9812	2173
7449	2174
1745	2175
1402	2176
2350	2177
2828	2178
1813	2179
3376	2180
6450	2181
6998	2182
5928	2183
6162	2184
7933	2185
6619	2186
3611	2187
422	2188
7499	2189
3724	2190
3698	2191
3665	2192
5664	2193
7946	2194
7650	2195
3342	2196
109	2197
7536	2198
257	2199
1456	2200
7723	2201
3402	2202
9829	2203
4061	2204
6204	2205
3489	2206
6693	2207
119	2208
3195	2209
747	2210
5955	2211
7258	2212
2	2213
8342	2214
242	2215
7397	2216
9300	2217
4548	2218
2317	2219
8737	2220
5016	2221
139	2222
3700	2223
9527	2224
7553	2225
2978	2226
3865	2227
2102	2228
952	2229
2312	2230
4742	2231
3205	2232
9737	2233
367	2234
7343	2235
538	2236
5852	2237
3932	2238
8194	2239
8554	2240
1593	2241
2234	2242
4462	2243
3177	2244
2672	2245
3941	2246
4258	2247
6296	2248
4891	2249
7960	2250
8768	2251
8926	2252
2618	2253
8699	2254
9005	2255
7200	2256
9088	2257
7787	2258
1665	2259
360	2260
2289	2261
600	2262
4200	2263
1969	2264
8373	2265
3615	2266
4927	2267
6360	2268
6414	2269
7029	2270
4675	2271
7930	2272
3871	2273
81	2274
9063	2275
1209	2276
3858	2277
8386	2278
6106	2279
434	2280
836	2281
4617	2282
8117	2283
3374	2284
3085	2285
2471	2286
5851	2287
7627	2288
9346	2289
9461	2290
510	2291
4480	2292
2949	2293
1126	2294
8730	2295
984	2296
2682	2297
8832	2298
6361	2299
3173	2300
3604	2301
9256	2302
1662	2303
7265	2304
4324	2305
2375	2306
3487	2307
8006	2308
4261	2309
531	2310
2192	2311
2955	2312
2804	2313
6458	2314
8382	2315
2867	2316
1443	2317
3708	2318
7958	2319
5796	2320
1264	2321
9740	2322
6323	2323
2216	2324
241	2325
7185	2326
7308	2327
2920	2328
9818	2329
4595	2330
588	2331
4272	2332
8722	2333
6904	2334
7469	2335
6253	2336
8082	2337
6665	2338
4492	2339
4119	2340
4226	2341
5655	2342
9475	2343
8167	2344
2406	2345
8545	2346
2472	2347
741	2348
7513	2349
1365	2350
1747	2351
9141	2352
5214	2353
2397	2354
2505	2355
4198	2356
7582	2357
2473	2358
88	2359
5384	2360
2242	2361
5383	2362
2676	2363
6637	2364
2068	2365
3646	2366
7951	2367
3635	2368
2170	2369
9041	2370
7492	2371
5307	2372
9850	2373
4010	2374
8842	2375
7360	2376
9152	2377
1870	2378
4079	2379
2726	2380
7922	2381
7313	2382
5774	2383
1599	2384
9293	2385
4327	2386
4315	2387
1556	2388
7430	2389
2	2390
4055	2391
5505	2392
3914	2393
121	2394
8626	2395
2264	2396
744	2397
2255	2398
3896	2399
1637	2400
2370	2401
9604	2402
986	2403
3220	2404
8571	2405
6558	2406
2025	2407
3970	2408
1873	2409
3022	2410
7998	2411
4212	2412
5034	2413
1191	2414
9031	2415
3882	2416
9685	2417
7461	2418
5357	2419
8644	2420
6934	2421
8354	2422
3474	2423
3319	2424
1605	2425
560	2426
738	2427
4573	2428
8313	2429
8085	2430
7989	2431
3418	2432
7145	2433
7833	2434
2032	2435
7827	2436
4855	2437
4187	2438
7385	2439
9521	2440
6601	2441
7493	2442
9066	2443
6525	2444
6588	2445
8613	2446
5020	2447
4763	2448
1999	2449
3456	2450
9883	2451
689	2452
3016	2453
63	2454
8980	2455
8012	2456
2634	2457
7249	2458
2531	2459
2612	2460
3469	2461
3486	2462
4970	2463
5232	2464
9202	2465
7979	2466
8579	2467
4899	2468
5486	2469
5450	2470
3439	2471
1678	2472
8159	2473
2745	2474
7527	2475
3550	2476
192	2477
6173	2478
8874	2479
1664	2480
3036	2481
5430	2482
5437	2483
844	2484
6760	2485
552	2486
3428	2487
3199	2488
875	2489
2678	2490
2101	2491
9045	2492
758	2493
3868	2494
6514	2495
8033	2496
7590	2497
2851	2498
3037	2499
4501	2500
6473	2501
3405	2502
3406	2503
4368	2504
6449	2505
4961	2506
1705	2507
4799	2508
7794	2509
9197	2510
8191	2511
5438	2512
6852	2513
9125	2514
4620	2515
7813	2516
3945	2517
5753	2518
805	2519
3370	2520
1680	2521
5090	2522
6363	2523
482	2524
7353	2525
3933	2526
2123	2527
1933	2528
9785	2529
2486	2530
8003	2531
1982	2532
4666	2533
3214	2534
8517	2535
7176	2536
1630	2537
2706	2538
5091	2539
6226	2540
1157	2541
7281	2542
3065	2543
2981	2544
5447	2545
656	2546
6135	2547
3476	2548
2184	2549
567	2550
4026	2551
7436	2552
114	2553
9073	2554
9062	2555
5887	2556
8981	2557
9008	2558
3496	2559
9618	2560
7997	2561
2835	2562
7445	2563
488	2564
6696	2565
9298	2566
5014	2567
9413	2568
3904	2569
291	2570
4955	2571
6236	2572
5981	2573
827	2574
7464	2575
224	2576
4232	2577
636	2578
8800	2579
6182	2580
7484	2581
7273	2582
7411	2583
8321	2584
9282	2585
4418	2586
2003	2587
3787	2588
3062	2589
398	2590
4925	2591
7574	2592
751	2593
26	2594
8149	2595
9900	2596
6097	2597
846	2598
9372	2599
9751	2600
221	2601
4413	2602
6786	2603
6526	2604
6390	2605
787	2606
1212	2607
8312	2608
9132	2609
3001	2610
4100	2611
7095	2612
7088	2613
8417	2614
3416	2615
5240	2616
2187	2617
6898	2618
2443	2619
1611	2620
9711	2621
8421	2622
424	2623
3330	2624
7453	2625
4451	2626
3048	2627
3495	2628
5533	2629
936	2630
5183	2631
5694	2632
5462	2633
8094	2634
8881	2635
4284	2636
4551	2637
472	2638
6853	2639
1995	2640
6172	2641
901	2642
5394	2643
8657	2644
5013	2645
5419	2646
2535	2647
7841	2648
7031	2649
2364	2650
4787	2651
1036	2652
2452	2653
6308	2654
6238	2655
3917	2656
6085	2657
1508	2658
9228	2659
8878	2660
9105	2661
6906	2662
462	2663
2935	2664
4967	2665
357	2666
7604	2667
9386	2668
7959	2669
6380	2670
5363	2671
5479	2672
944	2673
5322	2674
8569	2675
7429	2676
9615	2677
9566	2678
5770	2679
7299	2680
7272	2681
8121	2682
9223	2683
236	2684
8460	2685
3674	2686
5392	2687
3537	2688
918	2689
1561	2690
8063	2691
9283	2692
3879	2693
9355	2694
3822	2695
8445	2696
3361	2697
8160	2698
4313	2699
9391	2700
2010	2701
7872	2702
5839	2703
4979	2704
8179	2705
2043	2706
2593	2707
543	2708
7094	2709
3124	2710
297	2711
7673	2712
2680	2713
3304	2714
1081	2715
3423	2716
1292	2717
7649	2718
545	2719
9274	2720
9409	2721
5772	2722
848	2723
1965	2724
6519	2725
3309	2726
3963	2727
3747	2728
4196	2729
7015	2730
3996	2731
4668	2732
3960	2733
3900	2734
1834	2735
1545	2736
3505	2737
3244	2738
2055	2739
6277	2740
8772	2741
3966	2742
317	2743
8419	2744
3988	2745
4388	2746
8503	2747
6806	2748
103	2749
9805	2750
3510	2751
513	2752
8462	2753
1424	2754
2555	2755
5739	2756
5429	2757
5230	2758
771	2759
9206	2760
4286	2761
2747	2762
8474	2763
3983	2764
416	2765
4963	2766
967	2767
6804	2768
2515	2769
3835	2770
1062	2771
4631	2772
8355	2773
2550	2774
4173	2775
6639	2776
1749	2777
4845	2778
6940	2779
408	2780
4987	2781
66	2782
8087	2783
2969	2784
7005	2785
9261	2786
1697	2787
7338	2788
1392	2789
7729	2790
6431	2791
6622	2792
1652	2793
4224	2794
528	2795
2269	2796
684	2797
639	2798
3813	2799
7334	2800
403	2801
8838	2802
7149	2803
1426	2804
3289	2805
5661	2806
5906	2807
7277	2808
723	2809
2983	2810
2217	2811
4231	2812
5208	2813
7309	2814
201	2815
5622	2816
4139	2817
2446	2818
7699	2819
5916	2820
1922	2821
4670	2822
5726	2823
4478	2824
4075	2825
7935	2826
7754	2827
3847	2828
2119	2829
9838	2830
7070	2831
1400	2832
6864	2833
7805	2834
3174	2835
106	2836
3235	2837
7547	2838
46	2839
5842	2840
4054	2841
7909	2842
3961	2843
6860	2844
7017	2845
9801	2846
2913	2847
2642	2848
1411	2849
9090	2850
8257	2851
7438	2852
1198	2853
854	2854
1286	2855
2894	2856
2608	2857
370	2858
3192	2859
1880	2860
8543	2861
2597	2862
1986	2863
2366	2864
8088	2865
1221	2866
5482	2867
1696	2868
4345	2869
8193	2870
776	2871
7529	2872
9920	2873
8429	2874
6835	2875
4278	2876
3058	2877
8032	2878
5567	2879
9679	2880
3845	2881
8050	2882
9315	2883
2874	2884
3834	2885
9819	2886
156	2887
4802	2888
4905	2889
4633	2890
2136	2891
4812	2892
4283	2893
2127	2894
9174	2895
6130	2896
3974	2897
7770	2898
9839	2899
2953	2900
4681	2901
4178	2902
36	2903
9519	2904
7447	2905
8013	2906
1245	2907
8844	2908
9834	2909
9695	2910
9558	2911
7615	2912
5554	2913
6866	2914
2628	2915
4229	2916
767	2917
2381	2918
9768	2919
4559	2920
1658	2921
2481	2922
8289	2923
2850	2924
6718	2925
7681	2926
9438	2927
4911	2928
3653	2929
7897	2930
4957	2931
9921	2932
4608	2933
4179	2934
4784	2935
2641	2936
2667	2937
1377	2938
8686	2939
5933	2940
4263	2941
4158	2942
6121	2943
9734	2944
8716	2945
584	2946
3827	2947
5941	2948
1871	2949
115	2950
8427	2951
300	2952
6706	2953
2893	2954
1080	2955
9186	2956
214	2957
2045	2958
5982	2959
1699	2960
2282	2961
2046	2962
9361	2963
9896	2964
5599	2965
9220	2966
3153	2967
9728	2968
5568	2969
6924	2970
2786	2971
5891	2972
6460	2973
1973	2974
5101	2975
7483	2976
4862	2977
605	2978
7560	2979
1928	2980
21	2981
8717	2982
911	2983
9649	2984
2085	2985
1930	2986
4520	2987
7924	2988
9884	2989
3707	2990
9689	2991
283	2992
1682	2993
9516	2994
4930	2995
7524	2996
6397	2997
6664	2998
2646	2999
7947	3000
3201	3001
938	3002
4986	3003
6520	3004
3400	3005
1684	3006
1018	3007
1777	3008
1119	3009
4779	3010
9373	3011
8397	3012
9017	3013
5160	3014
215	3015
4849	3016
9562	3017
7257	3018
2248	3019
9323	3020
3552	3021
7263	3022
4150	3023
2494	3024
5174	3025
1079	3026
931	3027
5428	3028
3290	3029
1784	3030
223	3031
3729	3032
4267	3033
486	3034
7093	3035
8065	3036
8256	3037
7376	3038
1846	3039
909	3040
1567	3041
9585	3042
5335	3043
3276	3044
2838	3045
5245	3046
3256	3047
3585	3048
1042	3049
1449	3050
3638	3051
4050	3052
6084	3053
9733	3054
7140	3055
2998	3056
5942	3057
1432	3058
8654	3059
7846	3060
8369	3061
748	3062
6472	3063
4002	3064
5756	3065
7022	3066
1139	3067
6789	3068
1435	3069
306	3070
4322	3071
860	3072
1538	3073
1178	3074
1774	3075
8745	3076
2549	3077
6704	3078
4883	3079
7789	3080
6210	3081
3744	3082
2130	3083
8045	3084
8513	3085
2708	3086
1122	3087
5309	3088
5311	3089
2181	3090
4039	3091
9549	3092
2034	3093
628	3094
1979	3095
6948	3096
2967	3097
4440	3098
5763	3099
374	3100
240	3101
7402	3102
4521	3103
9490	3104
1187	3105
8739	3106
5826	3107
1726	3108
3353	3109
7884	3110
8142	3111
5709	3112
6828	3113
757	3114
386	3115
3733	3116
9306	3117
3454	3118
2286	3119
7250	3120
622	3121
6796	3122
3265	3123
2430	3124
6288	3125
9242	3126
7181	3127
5922	3128
3005	3129
5172	3130
8384	3131
9727	3132
3275	3133
8831	3134
2362	3135
2814	3136
4406	3137
9166	3138
3656	3139
5966	3140
6638	3141
3069	3142
1465	3143
4071	3144
9400	3145
4881	3146
7404	3147
1092	3148
4636	3149
3055	3150
1379	3151
5237	3152
9345	3153
9559	3154
1974	3155
4744	3156
3193	3157
1182	3158
5451	3159
5927	3160
7434	3161
177	3162
4358	3163
1099	3164
3448	3165
4773	3166
7224	3167
8488	3168
2420	3169
5707	3170
5732	3171
1781	3172
8651	3173
4804	3174
2428	3175
1160	3176
1434	3177
645	3178
2484	3179
6899	3180
9537	3181
9841	3182
2843	3183
5477	3184
3019	3185
5100	3186
7559	3187
6903	3188
2659	3189
7706	3190
2713	3191
2466	3192
5992	3193
2576	3194
1730	3195
433	3196
1267	3197
7774	3198
6709	3199
4468	3200
5829	3201
1128	3202
8609	3203
6633	3204
9499	3205
5422	3206
3190	3207
736	3208
1338	3209
7020	3210
9195	3211
4312	3212
1668	3213
1869	3214
10	3215
7781	3216
322	3217
794	3218
6325	3219
5179	3220
9802	3221
4164	3222
8966	3223
7611	3224
3672	3225
8728	3226
1580	3227
2658	3228
8330	3229
7941	3230
4126	3231
3076	3232
5410	3233
9931	3234
8224	3235
2442	3236
8275	3237
4739	3238
1574	3239
7641	3240
5321	3241
6765	3242
1017	3243
5213	3244
6225	3245
9885	3246
4503	3247
2153	3248
2905	3249
1629	3250
5488	3251
9696	3252
2872	3253
9761	3254
5880	3255
5364	3256
5413	3257
2455	3258
3770	3259
4146	3260
4372	3261
5518	3262
3266	3263
7801	3264
4192	3265
382	3266
7087	3267
8433	3268
1757	3269
3946	3270
5	3271
9525	3272
8348	3273
6810	3274
6981	3275
2791	3276
5054	3277
4506	3278
3345	3279
7974	3280
4677	3281
7562	3282
8678	3283
8026	3284
9556	3285
9037	3286
644	3287
2892	3288
2368	3289
947	3290
7538	3291
6797	3292
6548	3293
5193	3294
7703	3295
4370	3296
1993	3297
6275	3298
3658	3299
5367	3300
6043	3301
9398	3302
4199	3303
5759	3304
1236	3305
3165	3306
323	3307
3836	3308
2564	3309
2737	3310
6146	3311
1473	3312
5459	3313
4527	3314
255	3315
5359	3316
1188	3317
4311	3318
857	3319
9568	3320
5326	3321
4204	3322
1615	3323
6973	3324
2408	3325
3334	3326
11	3327
3101	3328
3251	3329
7691	3330
8266	3331
7518	3332
8120	3333
2106	3334
3774	3335
6738	3336
4919	3337
4832	3338
2970	3339
4526	3340
6112	3341
1923	3342
2186	3343
5619	3344
2493	3345
5798	3346
168	3347
3282	3348
5925	3349
2712	3350
657	3351
8551	3352
7133	3353
2768	3354
9446	3355
3657	3356
9110	3357
8829	3358
1254	3359
9079	3360
1822	3361
8135	3362
3760	3363
284	3364
2337	3365
6552	3366
1280	3367
4706	3368
6508	3369
8119	3370
8096	3371
7688	3372
8839	3373
9091	3374
1278	3375
7316	3376
7795	3377
671	3378
6915	3379
7141	3380
2295	3381
2613	3382
8262	3383
9544	3384
7463	3385
8542	3386
7658	3387
6124	3388
929	3389
4679	3390
9935	3391
8896	3392
2926	3393
5791	3394
6676	3395
8624	3396
1419	3397
609	3398
379	3399
7298	3400
6815	3401
2961	3402
9268	3403
7747	3404
3993	3405
8647	3406
130	3407
574	3408
1879	3409
8697	3410
8766	3411
8641	3412
5327	3413
5917	3414
7625	3415
714	3416
2794	3417
6258	3418
9934	3419
5886	3420
3676	3421
6886	3422
686	3423
6235	3424
8666	3425
494	3426
4386	3427
2607	3428
5068	3429
7199	3430
1	3431
1	3432
1677	3433
6200	3434
9115	3435
5095	3436
4910	3437
6551	3438
5449	3439
3351	3440
9054	3441
463	3442
5008	3443
2948	3444
5820	3445
897	3446
5821	3447
262	3448
7631	3449
3518	3450
8307	3451
8213	3452
5722	3453
8415	3454
8906	3455
1197	3456
9127	3457
7596	3458
3650	3459
591	3460
1370	3461
1089	3462
7655	3463
8621	3464
7920	3465
8607	3466
4948	3467
9672	3468
2050	3469
4369	3470
4792	3471
1249	3472
4958	3473
7576	3474
5420	3475
7939	3476
5528	3477
6545	3478
8997	3479
9439	3480
7155	3481
7191	3482
4264	3483
6620	3484
9811	3485
9630	3486
5011	3487
1895	3488
6689	3489
1001	3490
8347	3491
341	3492
270	3493
1029	3494
6916	3495
2222	3496
7262	3497
8162	3498
4673	3499
9230	3500
200	3501
3639	3502
5779	3503
476	3504
5182	3505
5807	3506
9429	3507
7822	3508
2557	3509
8218	3510
3786	3511
9926	3512
9797	3513
2740	3514
9239	3515
8365	3516
5818	3517
8037	3518
5371	3519
4058	3520
2990	3521
906	3522
6295	3523
3441	3524
4376	3525
2059	3526
9084	3527
1742	3528
4647	3529
6605	3530
3678	3531
1300	3532
5537	3533
990	3534
5262	3535
3789	3536
6152	3537
2527	3538
87	3539
9823	3540
5714	3541
5051	3542
2089	3543
2134	3544
1874	3545
336	3546
8294	3547
5325	3548
7733	3549
6802	3550
2693	3551
8721	3552
1228	3553
4228	3554
7767	3555
6231	3556
329	3557
2121	3558
1235	3559
5481	3560
5706	3561
1457	3562
2467	3563
468	3564
9721	3565
7510	3566
4745	3567
5965	3568
6440	3569
352	3570
3431	3571
3994	3572
48	3573
9854	3574
6216	3575
3303	3576
8857	3577
7760	3578
4764	3579
2976	3580
1313	3581
2908	3582
2903	3583
5062	3584
2781	3585
7073	3586
7286	3587
8872	3588
28	3589
2257	3590
438	3591
9264	3592
9093	3593
6540	3594
5582	3595
9365	3596
9244	3597
2775	3598
4160	3599
7382	3600
9348	3601
8379	3602
9416	3603
5844	3604
7566	3605
6874	3606
5995	3607
8667	3608
6444	3609
5961	3610
6408	3611
6193	3612
3861	3613
3575	3614
3757	3615
9187	3616
9325	3617
2524	3618
6869	3619
67	3620
7311	3621
556	3622
3591	3623
8930	3624
102	3625
3253	3626
5742	3627
3385	3628
5559	3629
606	3630
8987	3631
4181	3632
753	3633
7751	3634
840	3635
6339	3636
5374	3637
4156	3638
2352	3639
9786	3640
4623	3641
5132	3642
5956	3643
9281	3644
7121	3645
58	3646
9906	3647
3859	3648
8431	3649
2071	3650
9425	3651
872	3652
5969	3653
6237	3654
7193	3655
1311	3656
8272	3657
400	3658
8690	3659
6656	3660
8495	3661
8856	3662
7575	3663
9720	3664
7643	3665
9589	3666
7491	3667
2705	3668
9871	3669
8127	3670
3977	3671
9806	3672
8611	3673
7701	3674
8153	3675
7245	3676
9410	3677
458	3678
6038	3679
4522	3680
1790	3681
3999	3682
8230	3683
4850	3684
294	3685
9288	3686
2774	3687
975	3688
3386	3689
15	3690
3002	3691
2305	3692
9165	3693
5136	3694
6927	3695
6713	3696
2987	3697
9184	3698
5808	3699
8702	3700
2148	3701
3365	3702
7525	3703
2503	3704
2860	3705
101	3706
8139	3707
8708	3708
3097	3709
2623	3710
9033	3711
9347	3712
1710	3713
1704	3714
8794	3715
7450	3716
6537	3717
9156	3718
7755	3719
6104	3720
3077	3721
4864	3722
2056	3723
4723	3724
1591	3725
365	3726
7074	3727
6005	3728
8242	3729
5094	3730
5805	3731
9908	3732
6757	3733
8884	3734
1516	3735
3311	3736
623	3737
1334	3738
9234	3739
2522	3740
465	3741
6675	3742
9053	3743
9659	3744
7466	3745
5055	3746
2342	3747
7745	3748
6219	3749
5239	3750
7698	3751
7720	3752
42	3753
653	3754
2859	3755
1577	3756
7358	3757
7255	3758
5111	3759
5120	3760
5986	3761
2579	3762
5398	3763
2488	3764
5670	3765
9004	3766
2252	3767
9748	3768
5337	3769
6475	3770
2586	3771
6243	3772
3006	3773
6785	3774
7252	3775
6809	3776
9471	3777
8954	3778
9646	3779
5727	3780
9497	3781
3965	3782
9012	3783
3466	3784
821	3785
5396	3786
5813	3787
7132	3788
6131	3789
9713	3790
2927	3791
2385	3792
4718	3793
9719	3794
8855	3795
5251	3796
9555	3797
8247	3798
3905	3799
2198	3800
5139	3801
6501	3802
7532	3803
9319	3804
5319	3805
5683	3806
3212	3807
9524	3808
831	3809
6986	3810
6045	3811
7433	3812
5749	3813
8	3814
6888	3815
9368	3816
4972	3817
4364	3818
4795	3819
9917	3820
5354	3821
7776	3822
2113	3823
1082	3824
5804	3825
3922	3826
8220	3827
1756	3828
4789	3829
1050	3830
5069	3831
9061	3832
9897	3833
4902	3834
7158	3835
9668	3836
8448	3837
5973	3838
8854	3839
6921	3840
9078	3841
9295	3842
4822	3843
937	3844
867	3845
2942	3846
1242	3847
8024	3848
7802	3849
3167	3850
450	3851
9853	3852
6185	3853
6932	3854
9775	3855
6589	3856
509	3857
7540	3858
9074	3859
8282	3860
1316	3861
2330	3862
8438	3863
6445	3864
7570	3865
9204	3866
7037	3867
8036	3868
4108	3869
3695	3870
9324	3871
9420	3872
861	3873
6603	3874
2907	3875
3249	3876
3057	3877
4048	3878
6792	3879
3771	3880
3181	3881
59	3882
9137	3883
5085	3884
2822	3885
7853	3886
3509	3887
9830	3888
1865	3889
1063	3890
1546	3891
8243	3892
332	3893
4113	3894
7709	3895
2367	3896
1049	3897
5361	3898
5737	3899
2227	3900
8104	3901
8271	3902
6577	3903
3225	3904
9119	3905
6944	3906
1297	3907
1641	3908
4001	3909
6527	3910
542	3911
5288	3912
2536	3913
6666	3914
1006	3915
850	3916
5347	3917
1959	3918
9040	3919
7848	3920
9203	3921
8747	3922
2207	3923
2247	3924
3179	3925
162	3926
1805	3927
2847	3928
8008	3929
8828	3930
7216	3931
5506	3932
8912	3933
3130	3934
4017	3935
5065	3936
132	3937
581	3938
1673	3939
7290	3940
9299	3941
586	3942
3325	3943
4269	3944
2432	3945
9701	3946
4510	3947
9362	3948
7741	3949
6658	3950
847	3951
4391	3952
3936	3953
9528	3954
4496	3955
7838	3956
6952	3957
3020	3958
4728	3959
3554	3960
7594	3961
9457	3962
8504	3963
2000	3964
1515	3965
8830	3966
2800	3967
1193	3968
3644	3969
190	3970
4672	3971
1839	3972
399	3973
9674	3974
3081	3975
1028	3976
6467	3977
2722	3978
8840	3979
896	3980
3631	3981
5247	3982
2647	3983
5227	3984
1674	3985
1210	3986
2419	3987
1975	3988
9229	3989
5948	3990
6110	3991
1631	3992
680	3993
2587	3994
251	3995
1734	3996
4574	3997
6432	3998
9620	3999
5206	4000
7873	4001
2601	4002
6790	4003
6493	4004
3569	4005
5216	4006
1337	4007
792	4008
6542	4009
1836	4010
1694	4011
337	4012
3267	4013
766	4014
9030	4015
6400	4016
8053	4017
3776	4018
8710	4019
5159	4020
7746	4021
1924	4022
5962	4023
3162	4024
3471	4025
5343	4026
1315	4027
9732	4028
9573	4029
5388	4030
210	4031
3200	4032
8670	4033
7999	4034
5431	4035
9753	4036
6140	4037
9482	4038
8729	4039
6413	4040
4825	4041
6367	4042
8498	4043
3492	4044
6570	4045
218	4046
8399	4047
7008	4048
305	4049
8866	4050
5312	4051
3281	4052
3424	4053
5564	4054
9608	4055
1431	4056
8590	4057
2553	4058
9754	4059
6331	4060
2766	4061
158	4062
8985	4063
9653	4064
1942	4065
356	4066
7985	4067
74	4068
4437	4069
1669	4070
477	4071
9199	4072
2133	4073
4253	4074
583	4075
1024	4076
7762	4077
6650	4078
9647	4079
1499	4080
7843	4081
3962	4082
6454	4083
134	4084
7918	4085
8416	4086
9599	4087
4177	4088
4	4089
3114	4090
9474	4091
8633	4092
6735	4093
4056	4094
354	4095
926	4096
7726	4097
9491	4098
8172	4099
3573	4100
9707	4101
5799	4102
930	4103
3636	4104
4225	4105
4452	4106
2399	4107
4305	4108
2048	4109
3606	4110
6910	4111
3038	4112
5841	4113
205	4114
6332	4115
729	4116
7081	4117
8858	4118
3478	4119
491	4120
737	4121
597	4122
6002	4123
6459	4124
4523	4125
314	4126
8688	4127
630	4128
4441	4129
339	4130
9874	4131
2469	4132
7401	4133
4093	4134
79	4135
5066	4136
6111	4137
2669	4138
3455	4139
2530	4140
987	4141
9485	4142
7962	4143
6154	4144
9569	4145
9382	4146
7476	4147
5783	4148
1954	4149
774	4150
1656	4151
6510	4152
7647	4153
2054	4154
6754	4155
7799	4156
659	4157
1004	4158
7242	4159
5207	4160
2665	4161
3629	4162
1830	4163
7110	4164
3566	4165
811	4166
5905	4167
7546	4168
2022	4169
4989	4170
8057	4171
2501	4172
8634	4173
5303	4174
9121	4175
6647	4176
9543	4177
4385	4178
676	4179
1293	4180
4120	4181
4513	4182
6890	4183
6582	4184
1167	4185
3735	4186
9326	4187
1763	4188
2497	4189
6355	4190
7832	4191
9636	4192
2884	4193
3236	4194
3979	4195
3625	4196
5339	4197
9532	4198
3088	4199
5998	4200
5442	4201
7043	4202
6730	4203
9911	4204
4375	4205
1470	4206
7504	4207
3540	4208
6490	4209
917	4210
6007	4211
4274	4212
1716	4213
6692	4214
2991	4215
946	4216
7614	4217
2776	4218
7945	4219
6304	4220
328	4221
1966	4222
4383	4223
9523	4224
6483	4225
7996	4226
5112	4227
8325	4228
1738	4229
5915	4230
2857	4231
4613	4232
2211	4233
8524	4234
5115	4235
76	4236
6524	4237
4705	4238
2721	4239
3655	4240
8850	4241
2606	4242
8994	4243
8156	4244
8700	4245
8947	4246
3300	4247
9631	4248
9699	4249
8034	4250
2592	4251
8353	4252
4590	4253
5199	4254
6024	4255
6793	4256
6456	4257
7264	4258
5551	4259
496	4260
1612	4261
1850	4262
3381	4263
444	4264
3755	4265
6858	4266
612	4267
1714	4268
9919	4269
4475	4270
5467	4271
2751	4272
2589	4273
8650	4274
7045	4275
4343	4276
529	4277
7033	4278
9594	4279
6889	4280
5395	4281
153	4282
8967	4283
5876	4284
7967	4285
2718	4286
51	4287
7759	4288
1663	4289
9273	4290
8602	4291
7821	4292
216	4293
4222	4294
8928	4295
54	4296
5399	4297
1646	4298
5534	4299
9440	4300
2853	4301
4362	4302
3910	4303
3769	4304
37	4305
533	4306
9757	4307
1282	4308
7227	4309
5997	4310
2930	4311
4005	4312
1845	4313
5425	4314
5234	4315
8692	4316
1181	4317
7839	4318
5387	4319
4326	4320
9903	4321
8278	4322
1130	4323
7976	4324
2320	4325
8237	4326
3356	4327
8005	4328
5155	4329
3553	4330
1864	4331
7174	4332
5007	4333
1227	4334
2491	4335
9025	4336
579	4337
2303	4338
6788	4339
6634	4340
6913	4341
4756	4342
8693	4343
2529	4344
8131	4345
5356	4346
2691	4347
5498	4348
9533	4349
2091	4350
9584	4351
7096	4352
5615	4353
6478	4354
272	4355
7591	4356
8426	4357
2583	4358
3545	4359
2875	4360
950	4361
2591	4362
1045	4363
4183	4364
7779	4365
6306	4366
4796	4367
6426	4368
5527	4369
3237	4370
5789	4371
8280	4372
7983	4373
5464	4374
5889	4375
7702	4376
5107	4377
1816	4378
6764	4379
7329	4380
3188	4381
8673	4382
2762	4383
2326	4384
1116	4385
9250	4386
1829	4387
347	4388
4592	4389
6016	4390
7881	4391
7584	4392
7028	4393
1229	4394
7398	4395
7012	4396
3614	4397
3444	4398
6586	4399
6941	4400
5621	4401
9539	4402
3801	4403
5909	4404
4504	4405
3804	4406
45	4407
685	4408
3682	4409
6573	4410
7301	4411
8122	4412
7115	4413
6297	4414
2512	4415
7932	4416
1653	4417
1758	4418
6391	4419
1842	4420
2273	4421
9415	4422
6652	4423
1827	4424
6925	4425
2862	4426
1601	4427
7243	4428
2360	4429
7146	4430
8022	4431
8388	4432
3844	4433
1980	4434
979	4435
6844	4436
6008	4437
9222	4438
2100	4439
6700	4440
6942	4441
9702	4442
2511	4443
6376	4444
8368	4445
1533	4446
3232	4447
2083	4448
7665	4449
8064	4450
7137	4451
3721	4452
353	4453
7198	4454
3000	4455
7722	4456
8709	4457
9138	4458
719	4459
8537	4460
8244	4461
2544	4462
2465	4463
885	4464
1190	4465
690	4466
8265	4467
8574	4468
707	4469
6003	4470
6094	4471
8432	4472
5729	4473
2377	4474
8327	4475
2233	4476
4068	4477
1566	4478
843	4479
6523	4480
4006	4481
4894	4482
9637	4483
705	4484
7788	4485
5390	4486
4354	4487
2174	4488
44	4489
8118	4490
266	4491
220	4492
9847	4493
3564	4494
5960	4495
1636	4496
1064	4497
4669	4498
56	4499
7160	4500
8853	4501
5454	4502
3420	4503
3401	4504
5287	4505
1808	4506
2435	4507
7276	4508
910	4509
6731	4510
3767	4511
5274	4512
9448	4513
2327	4514
725	4515
8953	4516
6929	4517
1617	4518
6856	4519
8364	4520
2298	4521
9612	4522
6807	4523
8973	4524
9307	4525
6859	4526
939	4527
7109	4528
5082	4529
8376	4530
3818	4531
1358	4532
9190	4533
1645	4534
4396	4535
6315	4536
6101	4537
3565	4538
9691	4539
3645	4540
3852	4541
8917	4542
2079	4543
2239	4544
5994	4545
2144	4546
6272	4547
6203	4548
8467	4549
6961	4550
1956	4551
6482	4552
2313	4553
7007	4554
2957	4555
6032	4556
2836	4557
5219	4558
5778	4559
2805	4560
6313	4561
3664	4562
7034	4563
2996	4564
8995	4565
760	4566
1778	4567
5636	4568
7865	4569
8396	4570
2340	4571
9875	4572
1258	4573
8077	4574
2027	4575
3909	4576
25	4577
9431	4578
9394	4579
8804	4580
5334	4581
9808	4582
5084	4583
8788	4584
2704	4585
2042	4586
4924	4587
4074	4588
8793	4589
6292	4590
4233	4591
3981	4592
3690	4593
8562	4594
355	4595
2380	4596
5005	4597
8351	4598
8940	4599
4106	4600
1875	4601
8206	4602
778	4603
37	4604
2556	4605
8209	4606
3906	4607
8235	4608
8204	4609
4863	4610
9139	4611
1507	4612
1287	4613
4323	4614
4256	4615
2803	4616
6404	4617
7736	4618
9708	4619
2088	4620
6779	4621
3699	4622
7728	4623
1051	4624
2414	4625
4151	4626
3782	4627
5187	4628
615	4629
8331	4630
2423	4631
7139	4632
8492	4633
6461	4634
9171	4635
5503	4636
6536	4637
3004	4638
7693	4639
570	4640
5847	4641
9644	4642
3619	4643
618	4644
6233	4645
1325	4646
9237	4647
2122	4648
2165	4649
1918	4650
2748	4651
6476	4652
7054	4653
4308	4654
5480	4655
7672	4656
9700	4657
2394	4658
9844	4659
1550	4660
9617	4661
7506	4662
4260	4663
5708	4664
5711	4665
3990	4666
4717	4667
2821	4668
3848	4669
958	4670
9384	4671
5224	4672
925	4673
1953	4674
1811	4675
1288	4676
8501	4677
2924	4678
19	4679
2325	4680
6027	4681
4726	4682
5668	4683
6956	4684
2558	4685
5405	4686
320	4687
4414	4688
8833	4689
5368	4690
4453	4691
5758	4692
8381	4693
7808	4694
5041	4695
1952	4696
3075	4697
6814	4698
3324	4699
9621	4700
1319	4701
9484	4702
9118	4703
406	4704
4046	4705
5592	4706
4202	4707
5836	4708
7902	4709
5751	4710
2570	4711
289	4712
6009	4713
8071	4714
9016	4715
2146	4716
9013	4717
2525	4718
6393	4719
2267	4720
8974	4721
7571	4722
5040	4723
2225	4724
2936	4725
793	4726
1496	4727
7626	4728
7315	4729
1691	4730
6013	4731
8714	4732
6028	4733
6330	4734
2928	4735
1883	4736
9750	4737
7211	4738
4701	4739
8457	4740
5338	4741
5984	4742
9147	4743
6951	4744
5958	4745
9832	4746
6117	4747
2495	4748
9	4749
1090	4750
5324	4751
5545	4752
2956	4753
7904	4754
4534	4755
8144	4756
9587	4757
1937	4758
7608	4759
2517	4760
6366	4761
7035	4762
7293	4763
3054	4764
3563	4765
1660	4766
8078	4767
4918	4768
4996	4769
7454	4770
1076	4771
1606	4772
4978	4773
832	4774
1259	4775
7830	4776
2232	4777
5249	4778
9918	4779
7055	4780
6240	4781
7763	4782
9112	4783
6056	4784
4597	4785
9766	4786
6623	4787
2155	4788
3528	4789
8643	4790
3046	4791
2819	4792
4155	4793
2449	4794
3949	4795
7306	4796
8642	4797
5320	4798
4607	4799
515	4800
2485	4801
4767	4802
8715	4803
2755	4804
9514	4805
3061	4806
1823	4807
6737	4808
6123	4809
4768	4810
1814	4811
1394	4812
6415	4813
9176	4814
4397	4815
7177	4816
9512	4817
7637	4818
5597	4819
3601	4820
549	4821
5123	4822
1909	4823
4297	4824
1043	4825
1803	4826
8390	4827
4898	4828
1216	4829
3995	4830
8270	4831
1626	4832
8811	4833
34	4834
6328	4835
9336	4836
7721	4837
7818	4838
6448	4839
9435	4840
7537	4841
3064	4842
9865	4843
7060	4844
4790	4845
2548	4846
13	4847
4546	4848
2581	4849
7857	4850
702	4851
9341	4852
5660	4853
5645	4854
7307	4855
1592	4856
8559	4857
4809	4858
6768	4859
678	4860
2030	4861
8290	4862
5148	4863
8352	4864
85	4865
1522	4866
613	4867
9316	4868
4021	4869
970	4870
1595	4871
6581	4872
7223	4873
6141	4874
4020	4875
2272	4876
6780	4877
6900	4878
171	4879
818	4880
621	4881
3828	4882
4417	4883
959	4884
708	4885
8898	4886
3793	4887
2053	4888
7269	4889
2523	4890
7926	4891
5651	4892
3926	4893
4686	4894
7605	4895
9744	4896
614	4897
5731	4898
3761	4899
12	4900
4175	4901
4661	4902
7880	4903
4724	4904
5102	4905
8534	4906
3773	4907
8515	4908
8770	4909
7167	4910
7986	4911
6429	4912
5258	4913
8819	4914
6403	4915
8632	4916
5344	4917
3592	4918
2508	4919
3338	4920
2873	4921
6782	4922
5220	4923
5436	4924
4365	4925
5824	4926
2424	4927
23	4928
8454	4929
6411	4930
9122	4931
9363	4932
7739	4933
4152	4934
7535	4935
104	4936
6966	4937
2813	4938
9287	4939
8603	4940
3821	4941
3680	4942
2345	4943
9916	4944
1801	4945
4373	4946
9441	4947
6418	4948
27	4949
8903	4950
977	4951
8161	4952
1068	4953
7585	4954
2387	4955
9466	4956
4974	4957
3362	4958
2817	4959
7011	4960
9162	4961
8932	4962
6878	4963
4249	4964
7101	4965
6212	4966
2545	4967
5539	4968
1246	4969
4463	4970
1386	4971
4446	4972
4116	4973
553	4974
6344	4975
9465	4976
3689	4977
7661	4978
9253	4979
6026	4980
5696	4981
3726	4982
5939	4983
6289	4984
2798	4985
5261	4986
3811	4987
7708	4988
6644	4989
1077	4990
497	4991
274	4992
8663	4993
493	4994
7844	4995
8646	4996
7159	4997
4028	4998
9075	4999
1655	5000
8847	5001
3468	5002
161	5003
5083	5004
3484	5005
5093	5006
7978	5007
1817	5008
8852	5009
6477	5010
9904	5011
392	5012
5143	5013
2633	5014
6521	5015
4699	5016
9842	5017
349	5018
6909	5019
617	5020
3034	5021
230	5022
4227	5023
1423	5024
8101	5025
2405	5026
3826	5027
3043	5028
8637	5029
3997	5030
8862	5031
9227	5032
2870	5033
9267	5034
8616	5035
2939	5036
3768	5037
3073	5038
9592	5039
2735	5040
1164	5041
8059	5042
3030	5043
7474	5044
1920	5045
6926	5046
7817	5047
40	5048
7845	5049
8873	5050
1385	5051
4042	5052
1989	5053
4584	5054
5223	5055
6069	5056
4291	5057
3559	5058
5949	5059
7355	5060
34	5061
7600	5062
4835	5063
8615	5064
770	5065
9730	5066
6883	5067
8170	5068
1186	5069
288	5070
951	5071
2812	5072
3045	5073
5712	5074
6122	5075
4072	5076
4587	5077
3620	5078
7742	5079
5276	5080
4429	5081
8184	5082
9049	5083
1861	5084
6268	5085
164	5086
9134	5087
3720	5088
3623	5089
5166	5090
8969	5091
9887	5092
5257	5093
1958	5094
3989	5095
3715	5096
8795	5097
7284	5098
1893	5099
8314	5100
3667	5101
9704	5102
4976	5103
359	5104
8748	5105
2662	5106
6076	5107
7563	5108
3942	5109
4290	5110
5990	5111
4836	5112
409	5113
3050	5114
6416	5115
4854	5116
6843	5117
8459	5118
4122	5119
8141	5120
1671	5121
6155	5122
9633	5123
2878	5124
8134	5125
2982	5126
295	5127
9655	5128
7662	5129
1687	5130
1984	5131
6166	5132
6044	5133
5404	5134
7610	5135
1123	5136
8532	5137
1026	5138
489	5139
523	5140
2963	5141
3781	5142
7215	5143
9535	5144
8158	5145
3578	5146
5	5147
9423	5148
5971	5149
390	5150
350	5151
3991	5152
479	5153
1387	5154
8530	5155
1173	5156
2417	5157
3511	5158
1644	5159
5757	5160
4331	5161
4991	5162
6897	5163
2656	5164
5434	5165
5500	5166
9598	5167
7296	5168
3310	5169
136	5170
51	5171
8675	5172
8274	5173
965	5174
7511	5175
7651	5176
4304	5177
1097	5178
4184	5179
8975	5180
3640	5181
7228	5182
4394	5183
1205	5184
7938	5185
1832	5186
2764	5187
8109	5188
9255	5189
3364	5190
5181	5191
633	5192
3992	5193
9312	5194
8665	5195
6771	5196
9891	5197
1544	5198
3231	5199
6626	5200
2565	5201
8178	5202
8585	5203
7046	5204
4788	5205
5929	5206
7179	5207
191	5208
2197	5209
2171	5210
1132	5211
2533	5212
907	5213
8455	5214
7659	5215
8671	5216
2028	5217
17	5218
6766	5219
6054	5220
1416	5221
6507	5222
3521	5223
3605	5224
8015	5225
5246	5226
9815	5227
7077	5228
6195	5229
8446	5230
9414	5231
2389	5232
2834	5233
2357	5234
2429	5235
8961	5236
9182	5237
4943	5238
9116	5239
790	5240
464	5241
9002	5242
7995	5243
3391	5244
1711	5245
5967	5246
7903	5247
5412	5248
8938	5249
4488	5250
1399	5251
4505	5252
8550	5253
5987	5254
3017	5255
7059	5256
7251	5257
6254	5258
5491	5259
8437	5260
2779	5261
6244	5262
2353	5263
6743	5264
3780	5265
5042	5266
503	5267
8566	5268
5911	5269
254	5270
7893	5271
3213	5272
1285	5273
1863	5274
8360	5275
6255	5276
9500	5277
8062	5278
1938	5279
6776	5280
7489	5281
4593	5282
506	5283
3930	5284
5163	5285
4239	5286
3056	5287
6995	5288
5543	5289
1848	5290
209	5291
6312	5292
1348	5293
2632	5294
1651	5295
6893	5296
1162	5297
7624	5298
1159	5299
5912	5300
604	5301
1532	5302
3217	5303
754	5304
8424	5305
8052	5306
2919	5307
7352	5308
7895	5309
4856	5310
2772	5311
948	5312
4040	5313
898	5314
120	5315
7777	5316
2947	5317
8846	5318
3737	5319
6319	5320
7700	5321
4667	5322
593	5323
2290	5324
524	5325
7407	5326
4008	5327
7201	5328
4533	5329
1060	5330
2390	5331
8477	5332
4536	5333
7032	5334
8303	5335
7642	5336
8521	5337
6187	5338
3389	5339
53	5340
3100	5341
1071	5342
9212	5343
1131	5344
3011	5345
3878	5346
4915	5347
5877	5348
42	5349
9692	5350
5402	5351
1059	5352
2081	5353
5260	5354
3320	5355
6165	5356
5264	5357
8192	5358
817	5359
8293	5360
1134	5361
8797	5362
1766	5363
8229	5364
3216	5365
1016	5366
1770	5367
6040	5368
5382	5369
3902	5370
6270	5371
1065	5372
2871	5373
7592	5374
8592	5375
7256	5376
3677	5377
9353	5378
669	5379
5098	5380
2896	5381
710	5382
544	5383
415	5384
269	5385
7452	5386
2241	5387
7271	5388
8943	5389
9304	5390
5028	5391
9895	5392
7062	5393
5189	5394
8849	5395
8398	5396
5719	5397
1299	5398
4423	5399
3512	5400
4033	5401
36	5402
1620	5403
4952	5404
3390	5405
9433	5406
5849	5407
4053	5408
3967	5409
2212	5410
2792	5411
8301	5412
3802	5413
2664	5414
4959	5415
6010	5416
259	5417
2684	5418
6541	5419
9909	5420
8707	5421
1331	5422
2943	5423
8128	5424
4545	5425
6215	5426
2746	5427
1950	5428
619	5429
4877	5430
2854	5431
3447	5432
6291	5433
8165	5434
9175	5435
1708	5436
7026	5437
2543	5438
522	5439
7598	5440
8499	5441
2137	5442
3938	5443
4389	5444
4816	5445
8560	5446
4081	5447
6364	5448
1594	5449
8658	5450
1554	5451
717	5452
1462	5453
536	5454
7793	5455
4519	5456
10	5457
565	5458
4904	5459
4087	5460
4599	5461
1156	5462
4511	5463
6562	5464
9489	5465
9265	5466
4063	5467
9430	5468
3728	5469
9387	5470
5816	5471
8148	5472
8629	5473
4750	5474
3206	5475
3329	5476
3142	5477
6678	5478
4507	5479
3312	5480
9746	5481
775	5482
1294	5483
3395	5484
5217	5485
5297	5486
9221	5487
4604	5488
4830	5489
9350	5490
532	5491
7710	5492
7711	5493
5523	5494
7919	5495
6516	5496
2018	5497
3348	5498
9183	5499
8112	5500
3460	5501
876	5502
8963	5503
9898	5504
9047	5505
7444	5506
7500	5507
4531	5508
6750	5509
7275	5510
6822	5511
5717	5512
9406	5513
7629	5514
4933	5515
4094	5516
3421	5517
1759	5518
8000	5519
6870	5520
3694	5521
4147	5522
7019	5523
8308	5524
9483	5525
9432	5526
6082	5527
7379	5528
5483	5529
2412	5530
2086	5531
9357	5532
7730	5533
2230	5534
6383	5535
3549	5536
2542	5537
3384	5538
8871	5539
8001	5540
4689	5541
2960	5542
3798	5543
6529	5544
1011	5545
7718	5546
2868	5547
1104	5548
233	5549
1506	5550
4931	5551
5557	5552
7431	5553
9155	5554
8040	5555
9504	5556
8865	5557
8727	5558
6994	5559
2685	5560
1483	5561
4357	5562
8261	5563
955	5564
3976	5565
5903	5566
4928	5567
8336	5568
5740	5569
4342	5570
6928	5571
5517	5572
9070	5573
4469	5574
3445	5575
40	5576
3354	5577
2460	5578
8929	5579
6246	5580
307	5581
516	5582
1896	5583
8802	5584
933	5585
6175	5586
6701	5587
3283	5588
9408	5589
1771	5590
4159	5591
7326	5592
1775	5593
8073	5594
3775	5595
7792	5596
2703	5597
2830	5598
141	5599
7539	5600
2661	5601
394	5602
5589	5603
4857	5604
381	5605
8177	5606
2657	5607
6794	5608
2288	5609
9136	5610
1439	5611
8186	5612
6192	5613
3825	5614
5077	5615
5676	5616
8605	5617
5244	5618
1780	5619
569	5620
3860	5621
2683	5622
8239	5623
971	5624
7420	5625
1003	5626
5988	5627
9826	5628
6000	5629
268	5630
9434	5631
5248	5632
7561	5633
6739	5634
1218	5635
7716	5636
4867	5637
7889	5638
5310	5639
6938	5640
7068	5641
1413	5642
6861	5643
6561	5644
1735	5645
3673	5646
8655	5647
1795	5648
882	5649
6984	5650
8047	5651
1809	5652
2278	5653
2619	5654
6183	5655
2445	5656
2251	5657
7890	5658
7437	5659
4038	5660
8107	5661
3180	5662
3855	5663
7460	5664
4853	5665
2250	5666
6160	5667
2671	5668
1383	5669
6338	5670
417	5671
7118	5672
9758	5673
6198	5674
7091	5675
9395	5676
1317	5677
6217	5678
1323	5679
6571	5680
4065	5681
2916	5682
9725	5683
8458	5684
7123	5685
9936	5686
7488	5687
7399	5688
3546	5689
9211	5690
7248	5691
8286	5692
4782	5693
1070	5694
6320	5695
855	5696
2932	5697
8143	5698
2149	5699
1881	5700
2758	5701
7765	5702
2918	5703
4236	5704
3137	5705
902	5706
4708	5707
5499	5708
7508	5709
8093	5710
7831	5711
1964	5712
3396	5713
5586	5714
7977	5715
4543	5716
9788	5717
5610	5718
6033	5719
6267	5720
5125	5721
8116	5722
7784	5723
6424	5724
6189	5725
1486	5726
9044	5727
859	5728
1161	5729
8002	5730
5923	5731
4942	5732
2761	5733
5226	5734
3450	5735
7125	5736
4819	5737
8803	5738
1244	5739
2778	5740
8593	5741
52	5742
5607	5743
4778	5744
1534	5745
8090	5746
7749	5747
9321	5748
7064	5749
3156	5750
6287	5751
3548	5752
4384	5753
8960	5754
6067	5755
2475	5756
6879	5757
3558	5758
4335	5759
3438	5760
6972	5761
3260	5762
530	5763
2971	5764
6023	5765
2885	5766
7855	5767
7371	5768
8385	5769
6937	5770
8608	5771
3784	5772
199	5773
8713	5774
428	5775
3293	5776
8154	5777
6116	5778
5400	5779
8820	5780
9510	5781
2895	5782
4101	5783
1263	5784
2392	5785
7214	5786
4720	5787
6566	5788
6048	5789
9161	5790
9571	5791
62	5792
4618	5793
1885	5794
7473	5795
1820	5796
6394	5797
1112	5798
1940	5799
3161	5800
4610	5801
4114	5802
2720	5803
9470	5804
3442	5805
883	5806
7314	5807
7320	5808
6273	5809
8010	5810
7836	5811
1461	5812
7572	5813
9050	5814
7864	5815
9736	5816
6840	5817
9825	5818
7359	5819
3944	5820
7887	5821
2731	5822
8561	5823
1818	5824
9320	5825
4859	5826
2547	5827
1568	5828
5458	5829
83	5830
1277	5831
1627	5832
1761	5833
9546	5834
6469	5835
1233	5836
32	5837
8982	5838
3099	5839
324	5840
5803	5841
8151	5842
6949	5843
4691	5844
8164	5845
80	5846
1454	5847
6873	5848
864	5849
7603	5850
3743	5851
290	5852
4393	5853
111	5854
3701	5855
6823	5856
9928	5857
1926	5858
6846	5859
8614	5860
3506	5861
1353	5862
2179	5863
3113	5864
3355	5865
7868	5866
8238	5867
5497	5868
3908	5869
5716	5870
6128	5871
6727	5872
2193	5873
4601	5874
235	5875
4733	5876
3719	5877
2062	5878
135	5879
9793	5880
2883	5881
3145	5882
2977	5883
3359	5884
7798	5885
4846	5886
3788	5887
4381	5888
1994	5889
4921	5890
5415	5891
3748	5892
3969	5893
4479	5894
6595	5895
3269	5896
4956	5897
5786	5898
6847	5899
1165	5900
3530	5901
8780	5902
8786	5903
5514	5904
798	5905
8252	5906
6618	5907
7318	5908
8362	5909
8924	5910
5975	5911
2477	5912
5728	5913
9492	5914
8659	5915
5890	5916
6022	5917
5585	5918
750	5919
455	5920
8500	5921
303	5922
5345	5923
9937	5924
4557	5925
7589	5926
5471	5927
8491	5928
8779	5929
7468	5930
396	5931
7441	5932
4168	5933
3675	5934
6073	5935
9857	5936
4638	5937
6405	5938
969	5939
6958	5940
3436	5941
4379	5942
7443	5943
2147	5944
5221	5945
2291	5946
1810	5947
7057	5948
9056	5949
5282	5950
9233	5951
7467	5952
9271	5953
8552	5954
1120	5955
3346	5956
1410	5957
6222	5958
116	5959
4303	5960
8738	5961
3280	5962
8241	5963
1340	5964
703	5965
895	5966
4848	5967
6742	5968
9467	5969
5501	5970
8475	5971
4746	5972
498	5973
3341	5974
6151	5975
1537	5976
2161	5977
4977	5978
5952	5979
5176	5980
5455	5981
9029	5982
5531	5983
1330	5984
3765	5985
7331	5986
3627	5987
7618	5988
7826	5989
6681	5990
804	5991
1040	5992
3794	5993
6549	5994
313	5995
8400	5996
99	5997
3543	5998
193	5999
1088	6000
4473	6001
1688	6002
8332	6003
3892	6004
1020	6005
5765	6006
3816	6007
1915	6008
2818	6009
9026	6010
7670	6011
5360	6012
2572	6013
7291	6014
2986	6015
812	6016
6736	6017
1490	6018
1911	6019
315	6020
3806	6021
7780	6022
3918	6023
7135	6024
5697	6025
3470	6026
7595	6027
3197	6028
3779	6029
8952	6030
1350	6031
1833	6032
5868	6033
4810	6034
4785	6035
5393	6036
9279	6037
7683	6038
9759	6039
376	6040
3053	6041
869	6042
5110	6043
865	6044
740	6045
1010	6046
125	6047
6908	6048
35	6049
592	6050
4347	6051
585	6052
7	6053
607	6054
3033	6055
2183	6056
868	6057
8048	6058
4641	6059
5515	6060
7403	6061
9342	6062
4765	6063
7495	6064
3523	6065
3378	6066
3317	6067
7668	6068
3730	6069
2944	6070
9859	6071
6729	6072
5188	6073
5328	6074
2132	6075
3292	6076
3044	6077
3875	6078
2984	6079
5620	6080
6544	6081
4271	6082
1643	6083
4562	6084
1498	6085
1380	6086
701	6087
8951	6088
7928	6089
3023	6090
8323	6091
2780	6092
2698	6093
2890	6094
6178	6095
905	6096
1963	6097
8081	6098
8734	6099
3215	6100
1021	6101
8887	6102
2021	6103
7829	6104
8014	6105
8176	6106
1692	6107
8701	6108
8589	6109
6800	6110
7346	6111
4016	6112
9104	6113
2311	6114
5215	6115
7424	6116
7520	6117
1415	6118
7042	6119
6569	6120
73	6121
68	6122
5819	6123
6161	6124
1137	6125
183	6126
6051	6127
9123	6128
9067	6129
3837	6130
1798	6131
4325	6132
456	6133
8957	6134
8826	6135
9776	6136
3899	6137
1767	6138
4424	6139
2889	6140
537	6141
1564	6142
8401	6143
9517	6144
4449	6145
3071	6146
2219	6147
572	6148
1849	6149
5594	6150
6181	6151
8986	6152
9638	6153
3154	6154
7423	6155
362	6156
8731	6157
8080	6158
9369	6159
8264	6160
8627	6161
9198	6162
179	6163
5154	6164
461	6165
8555	6166
5802	6167
2901	6168
4182	6169
4550	6170
9833	6171
4554	6172
2507	6173
3527	6174
5780	6175
3762	6176
3271	6177
7209	6178
1898	6179
1375	6180
5291	6181
8471	6182
9289	6183
4565	6184
7368	6185
1314	6186
647	6187
7858	6188
2463	6189
7387	6190
5825	6191
3288	6192
8695	6193
6504	6194
6201	6195
8801	6196
3105	6197
6224	6198
1750	6199
6645	6200
5472	6201
2447	6202
5150	6203
3229	6204
3332	6205
6684	6206
5378	6207
9072	6208
8344	6209
480	6210
3637	6211
9444	6212
8019	6213
4596	6214
6539	6215
4195	6216
3109	6217
8752	6218
978	6219
2093	6220
2418	6221
9258	6222
4392	6223
383	6224
1542	6225
4216	6226
1500	6227
1441	6228
582	6229
3168	6230
3753	6231
9130	6232
3574	6233
1215	6234
2323	6235
9779	6236
1843	6237
8971	6238
9817	6239
1206	6240
4299	6241
4900	6242
5823	6243
8931	6244
4482	6245
5184	6246
3516	6247
6721	6248
4914	6249
6150	6250
7616	6251
1158	6252
9168	6253
1741	6254
9690	6255
6091	6256
4614	6257
4632	6258
7961	6259
457	6260
9890	6261
4821	6262
7470	6263
9169	6264
5977	6265
9778	6266
4328	6267
7972	6268
7203	6269
1204	6270
3840	6271
2365	6272
7914	6273
8886	6274
8864	6275
7292	6276
4665	6277
24	6278
6905	6279
7680	6280
9003	6281
683	6282
342	6283
5407	6284
1253	6285
2168	6286
195	6287
8175	6288
2454	6289
6242	6290
138	6291
6180	6292
2742	6293
6283	6294
8489	6295
439	6296
5790	6297
1578	6298
8123	6299
3874	6300
4153	6301
5767	6302
1743	6303
151	6304
3577	6305
7237	6306
914	6307
4145	6308
6895	6309
3328	6310
7834	6311
6979	6312
9606	6313
2856	6314
2434	6315
4947	6316
9251	6317
8228	6318
5081	6319
6168	6320
1878	6321
4704	6322
3754	6323
3409	6324
261	6325
6502	6326
9680	6327
2376	6328
7597	6329
2220	6330
6608	6331
7949	6332
4912	6333
4814	6334
6197	6335
4213	6336
487	6337
6274	6338
2876	6339
2228	6340
9927	6341
4309	6342
8899	6343
6433	6344
2384	6345
5991	6346
194	6347
7217	6348
7294	6349
2616	6350
6891	6351
7769	6352
8827	6353
8575	6354
1108	6355
7638	6356
9498	6357
9879	6358
4472	6359
4399	6360
1354	6361
4588	6362
441	6363
1368	6364
86	6365
9248	6366
1144	6367
9507	6368
6999	6369
5043	6370
7354	6371
5898	6372
3593	6373
3241	6374
1037	6375
8315	6376
5924	6377
8339	6378
5934	6379
9086	6380
1176	6381
9469	6382
2739	6383
2321	6384
1396	6385
5809	6386
8349	6387
3465	6388
7937	6389
3479	6390
8464	6391
9851	6392
1925	6393
2653	6394
5549	6395
7400	6396
5253	6397
5156	6398
9189	6399
4404	6400
3738	6401
809	6402
1404	6403
2637	6404
7766	6405
401	6406
8531	6407
7814	6408
7940	6409
1724	6410
3791	6411
4644	6412
4455	6413
1788	6414
6113	6415
786	6416
8548	6417
8623	6418
8380	6419
1769	6420
9269	6421
5968	6422
4528	6423
9103	6424
1899	6425
9590	6426
7660	6427
7991	6428
3897	6429
1363	6430
7549	6431
3633	6432
414	6433
3872	6434
5516	6435
1268	6436
2246	6437
5547	6438
7931	6439
7001	6440
9563	6441
4491	6442
9651	6443
2917	6444
5365	6445
8442	6446
2931	6447
6437	6448
5720	6449
3467	6450
1145	6451
7051	6452
2072	6453
7069	6454
1825	6455
8481	6456
8933	6457
5741	6458
3264	6459
4135	6460
3488	6461
721	6462
5525	6463
2754	6464
9377	6465
3096	6466
2441	6467
8211	6468
4654	6469
4828	6470
8622	6471
2610	6472
5385	6473
2348	6474
557	6475
3410	6476
4833	6477
8507	6478
974	6479
9226	6480
9200	6481
5679	6482
3590	6483
1573	6484
7192	6485
29	6486
1055	6487
1670	6488
1129	6489
7136	6490
8328	6491
1647	6492
1230	6493
6324	6494
7554	6495
6347	6496
5275	6497
9240	6498
9866	6499
4888	6500
5875	6501
1891	6502
1901	6503
8939	6504
3497	6505
6930	6506
2630	6507
4111	6508
5469	6509
7478	6510
8292	6511
634	6512
2082	6513
2126	6514
8759	6515
9538	6516
280	6517
2213	6518
4420	6519
1464	6520
7854	6521
5076	6522
1610	6523
8041	6524
2383	6525
953	6526
7875	6527
9863	6528
2841	6529
2067	6530
1826	6531
985	6532
9640	6533
3710	6534
942	6535
8519	6536
5171	6537
2483	6538
8765	6539
6963	6540
7003	6541
7556	6542
924	6543
3047	6544
7892	6545
4023	6546
1012	6547
4941	6548
4097	6549
6877	6550
6772	6551
7735	6552
8798	6553
9914	6554
4791	6555
4110	6556
6686	6557
9816	6558
694	6559
8299	6560
9027	6561
1056	6562
8790	6563
2007	6564
697	6565
4003	6566
7743	6567
7339	6568
3417	6569
1939	6570
2715	6571
5366	6572
1796	6573
4847	6574
4871	6575
6714	6576
602	6577
9905	6578
4154	6579
4203	6580
3641	6581
9236	6582
9870	6583
519	6584
3588	6585
9586	6586
7150	6587
9852	6588
11	6589
1251	6590
5238	6591
9892	6592
3024	6593
1111	6594
8704	6595
6971	6596
6125	6597
3669	6598
8735	6599
4467	6600
8689	6601
182	6602
7679	6603
4842	6604
8095	6605
483	6606
9591	6607
7676	6608
7684	6609
1725	6610
7378	6611
5746	6612
9862	6613
1151	6614
1902	6615
7550	6616
4099	6617
8174	6618
4395	6619
6358	6620
60	6621
7374	6622
6345	6623
4649	6624
2391	6625
8583	6626
6691	6627
1406	6628
742	6629
5018	6630
4185	6631
1211	6632
4316	6633
3630	6634
4356	6635
9153	6636
6907	6637
4037	6638
823	6639
6662	6640
1272	6641
4211	6642
3649	6643
3031	6644
3028	6645
2729	6646
5944	6647
1053	6648
3890	6649
7102	6650
2538	6651
7366	6652
5381	6653
3414	6654
7653	6655
2717	6656
8523	6657
7929	6658
5401	6659
7523	6660
7302	6661
4234	6662
9252	6663
5003	6664
5598	6665
452	6666
6673	6667
6001	6668
420	6669
3305	6670
3785	6671
2231	6672
643	6673
5974	6674
8945	6675
4529	6676
9	6677
765	6678
1835	6679
9464	6680
3582	6681
8030	6682
2090	6683
3136	6684
4783	6685
941	6686
271	6687
3337	6688
4678	6689
2490	6690
6707	6691
2600	6692
2621	6693
9087	6694
5775	6695
548	6696
5656	6697
3127	6698
7341	6699
1540	6700
816	6701
2925	6702
6911	6703
1078	6704
3732	6705
4082	6706
4913	6707
7082	6708
110	6709
6579	6710
3078	6711
2528	6712
2371	6713
3159	6714
1030	6715
4210	6716
7325	6717
5888	6718
7502	6719
9449	6720
474	6721
3204	6722
8996	6723
4425	6724
991	6725
178	6726
6751	6727
8420	6728
302	6729
7810	6730
7164	6731
264	6732
3120	6733
2095	6734
105	6735
7894	6736
6575	6737
460	6738
596	6739
7440	6740
1332	6741
6703	6742
6748	6743
6118	6744
1014	6745
2041	6746
2635	6747
6851	6748
6359	6749
5806	6750
7053	6751
837	6752
1856	6753
4390	6754
1270	6755
6500	6756
8518	6757
5873	6758
4024	6759
5414	6760
5046	6761
30	6762
6609	6763
9218	6764
1569	6765
8258	6766
7737	6767
2652	6768
6699	6769
3587	6770
6014	6771
8594	6772
3170	6773
650	6774
7184	6775
1238	6776
4509	6777
9529	6778
2670	6779
2457	6780
9023	6781
4605	6782
2769	6783
1943	6784
8756	6785
829	6786
9619	6787
7635	6788
2468	6789
6576	6790
6660	6791
8740	6792
1395	6793
666	6794
4515	6795
3493	6796
9270	6797
4525	6798
5897	6799
6625	6800
1417	6801
1715	6802
2877	6803
2699	6804
2451	6805
7327	6806
6651	6807
8316	6808
7375	6809
6060	6810
1250	6811
3452	6812
2509	6813
9455	6814
1401	6815
999	6816
4917	6817
8027	6818
4572	6819
9628	6820
6179	6821
8233	6822
2648	6823
4868	6824
4808	6825
4813	6826
9693	6827
8363	6828
3524	6829
1894	6830
8732	6831
5421	6832
3425	6833
2462	6834
4547	6835
9364	6836
5553	6837
2526	6838
3352	6839
2236	6840
9616	6841
4538	6842
4484	6843
6881	6844
3247	6845
3198	6846
7066	6847
7856	6848
3803	6849
5623	6850
5087	6851
8883	6852
9665	6853
5057	6854
5680	6855
7049	6856
5372	6857
3864	6858
6470	6859
2787	6860
9157	6861
3856	6862
6945	6863
4350	6864
2341	6865
8807	6866
1978	6867
8393	6868
7456	6869
1007	6870
6953	6871
7530	6872
9717	6873
957	6874
3830	6875
5682	6876
3686	6877
4169	6878
6917	6879
7083	6880
2037	6881
8877	6882
8329	6883
6137	6884
4115	6885
881	6886
5642	6887
3295	6888
6276	6889
6025	6890
8066	6891
1284	6892
9011	6893
577	6894
7422	6895
1882	6896
1101	6897
3443	6898
3823	6899
7953	6900
1407	6901
3274	6902
1892	6903
5834	6904
6753	6905
5801	6906
3986	6907
4774	6908
9745	6909
6206	6910
3532	6911
5064	6912
8259	6913
9773	6914
2358	6915
7593	6916
3121	6917
9109	6918
8465	6919
3394	6920
5375	6921
9796	6922
791	6923
4988	6924
6922	6925
6564	6926
8423	6927
1275	6928
2964	6929
6955	6930
3435	6931
7084	6932
9710	6933
5750	6934
3648	6935
3164	6936
9381	6937
808	6938
9790	6939
3683	6940
1174	6941
6103	6942
9311	6943
6894	6944
6430	6945
5835	6946
6880	6947
3139	6948
8049	6949
5643	6950
5190	6951
3911	6952
4731	6953
124	6954
2569	6955
7921	6956
6848	6957
3849	6958
2274	6959
8254	6960
4197	6961
4938	6962
4329	6963
8411	6964
2307	6965
5350	6966
9020	6967
4018	6968
9332	6969
9071	6970
4800	6971
5141	6972
8920	6973
1981	6974
9015	6975
3722	6976
2235	6977
927	6978
5595	6979
4598	6980
172	6981
9305	6982
993	6983
5036	6984
5910	6985
5448	6986
5512	6987
9781	6988
4241	6989
6646	6990
4361	6991
3339	6992
8520	6993
3519	6994
4645	6995
5352	6996
673	6997
3021	6998
7528	6999
668	7000
9064	7001
8916	7002
198	7003
5858	7004
7652	7005
874	7006
7969	7007
9309	7008
9660	7009
2160	7010
9194	7011
1058	7012
1271	7013
1877	7014
5493	7015
6421	7016
8195	7017
7333	7018
9301	7019
89	7020
1913	7021
2694	7022
1054	7023
7954	7024
3186	7025
7866	7026
9399	7027
8226	7028
635	7029
1135	7030
7283	7031
5710	7032
2116	7033
1093	7034
2995	7035
3222	7036
3272	7037
9260	7038
8250	7039
8841	7040
4219	7041
3895	7042
2767	7043
8556	7044
6978	7045
3947	7046
7240	7047
6406	7048
8232	7049
9124	7050
5894	7051
3704	7052
9792	7053
2692	7054
4447	7055
7305	7056
1328	7057
6697	7058
508	7059
554	7060
7824	7061
6982	7062
2697	7063
866	7064
6207	7065
2763	7066
1998	7067
8152	7068
7758	7069
4244	7070
4121	7071
1752	7072
5882	7073
6593	7074
2304	7075
2611	7076
176	7077
6518	7078
8029	7079
2308	7080
7936	7081
4320	7082
7027	7083
6396	7084
1248	7085
478	7086
2972	7087
55	7088
9650	7089
5950	7090
6370	7091
2049	7092
1048	7093
5650	7094
127	7095
4460	7096
4567	7097
2753	7098
95	7099
7674	7100
5186	7101
1341	7102
4483	7103
1531	7104
2965	7105
6817	7106
5280	7107
8984	7108
2989	7109
7114	7110
8631	7111
8208	7112
3514	7113
1357	7114
9201	7115
5157	7116
4004	7117
6463	7118
4826	7119
3839	7120
8867	7121
8470	7122
2306	7123
2333	7124
6494	7125
7212	7126
8147	7127
8965	7128
2057	7129
389	7130
1208	7131
4609	7132
862	7133
8925	7134
9098	7135
1760	7136
9426	7137
1525	7138
6512	7139
995	7140
1015	7141
9515	7142
9755	7143
3133	7144
8533	7145
1541	7146
7569	7147
8976	7148
9593	7149
9743	7150
256	7151
3459	7152
9217	7153
1661	7154
7130	7155
4137	7156
6386	7157
9191	7158
3838	7159
9102	7160
7367	7161
5060	7162
4834	7163
8408	7164
5358	7165
6919	7166
2196	7167
20	7168
8173	7169
8357	7170
9622	7171
9266	7172
6441	7173
180	7174
4602	7175
6749	7176
2110	7177
5810	7178
4265	7179
5860	7180
1265	7181
6976	7182
4735	7183
3925	7184
2078	7185
1676	7186
6256	7187
5600	7188
2842	7189
3451	7190
7689	7191
5272	7192
6543	7193
2163	7194
9488	7195
2114	7196
5691	7197
655	7198
6066	7199
822	7200
8304	7201
492	7202
1571	7203
4725	7204
2378	7205
566	7206
3955	7207
5302	7208
2562	7209
1707	7210
7867	7211
9117	7212
33	7213
7486	7214
3140	7215
3663	7216
6710	7217
4500	7218
6787	7219
8909	7220
7581	7221
8509	7222
2950	7223
7671	7224
4564	7225
5646	7226
6098	7227
3015	7228
1324	7229
2379	7230
1721	7231
3536	7232
1972	7233
9774	7234
7116	7235
227	7236
207	7237
1553	7238
9405	7239
9907	7240
8428	7241
1327	7242
587	7243
8189	7244
1478	7245
8743	7246
2744	7247
4719	7248
8751	7249
889	7250
3110	7251
9069	7252
5902	7253
1575	7254
1800	7255
8778	7256
9610	7257
4109	7258
7509	7259
3734	7260
5137	7261
3298	7262
5284	7263
4676	7264
404	7265
9845	7266
1948	7267
4293	7268
7503	7269
380	7270
2456	7271
7859	7272
2459	7273
4330	7274
5921	7275
7994	7276
624	7277
7633	7278
1214	7279
3750	7280
688	7281
921	7282
5692	7283
4374	7284
9032	7285
490	7286
5167	7287
8649	7288
5964	7289
2514	7290
9506	7291
8934	7292
2861	7293
281	7294
3316	7295
1105	7296
5138	7297
9601	7298
9383	7299
4214	7300
5035	7301
2902	7302
4949	7303
2201	7304
4571	7305
263	7306
3473	7307
2571	7308
1794	7309
5426	7310
9214	7311
5346	7312
9698	7313
8231	7314
1779	7315
3571	7316
3916	7317
2215	7318
9831	7319
229	7320
9284	7321
9272	7322
718	7323
4134	7324
7669	7325
7161	7326
8108	7327
4873	7328
8630	7329
954	7330
8758	7331
225	7332
9142	7333
2802	7334
2398	7335
3973	7336
752	7337
960	7338
3777	7339
3684	7340
6102	7341
6387	7342
8783	7343
6882	7344
5919	7345
1032	7346
6468	7347
8514	7348
9626	7349
54	7350
4805	7351
1148	7352
590	7353
5522	7354
6343	7355
5369	7356
807	7357
7477	7358
5053	7359
5536	7360
8069	7361
2605	7362
2285	7363
9827	7364
6640	7365
6872	7366
7797	7367
4953	7368
4929	7369
9609	7370
7319	7371
8918	7372
4908	7373
4036	7374
3886	7375
8407	7376
9219	7377
6990	7378
3008	7379
9376	7380
5243	7381
8660	7382
945	7383
108	7384
699	7385
6565	7386
2076	7387
9687	7388
3880	7389
2521	7390
7621	7391
466	7392
3458	7393
4306	7394
4209	7395
1689	7396
7911	7397
9303	7398
9164	7399
6379	7400
48	7401
8818	7402
28	7403
9664	7404
5693	7405
8334	7406
9603	7407
2757	7408
3059	7409
9762	7410
8246	7411
5463	7412
2450	7413
1600	7414
4166	7415
8681	7416
6733	7417
9241	7418
499	7419
4321	7420
90	7421
8074	7422
473	7423
4486	7424
806	7425
2440	7426
8746	7427
6159	7428
2173	7429
1185	7430
6745	7431
764	7432
9418	7433
7900	7434
7849	7435
6708	7436
2221	7437
8876	7438
2400	7439
667	7440
348	7441
7577	7442
9872	7443
5871	7444
4080	7445
1425	7446
1019	7447
2679	7448
5653	7449
1085	7450
6351	7451
5096	7452
8221	7453
9635	7454
4268	7455
8039	7456
4615	7457
278	7458
7796	7459
152	7460
7287	7461
7143	7462
5532	7463
935	7464
4427	7465
2567	7466
5701	7467
2915	7468
5937	7469
5565	7470
517	7471
4893	7472
5131	7473
5440	7474
6282	7475
6837	7476
8251	7477
1659	7478
484	7479
2157	7480
9294	7481
2138	7482
8970	7483
1183	7484
5596	7485
5492	7486
9403	7487
6006	7488
2921	7489
4136	7490
3560	7491
661	7492
1786	7493
6108	7494
5391	7495
7014	7496
267	7497
763	7498
992	7499
814	7500
1638	7501
1776	7502
2281	7503
5031	7504
3621	7505
7310	7506
5231	7507
8944	7508
59	7509
7112	7510
9159	7511
8565	7512
5484	7513
8640	7514
1840	7515
6434	7516
8447	7517
5617	7518
7063	7519
6409	7520
8287	7521
2279	7522
7105	7523
3010	7524
2865	7525
6395	7526
33	7527
9096	7528
2660	7529
9412	7530
2979	7531
5281	7532
2135	7533
5681	7534
6631	7535
6726	7536
78	7537
3350	7538
1539	7539
6491	7540
7917	7541
3502	7542
2299	7543
7389	7544
6655	7545
9181	7546
2411	7547
6635	7548
9894	7549
3534	7550
5218	7551
5403	7552
5332	7553
57	7554
1343	7555
4772	7556
5256	7557
4518	7558
2914	7559
5792	7560
6959	7561
4450	7562
5766	7563
9371	7564
922	7565
8902	7566
2777	7567
1841	7568
7384	7569
7391	7570
9864	7571
887	7572
6452	7573
7090	7574
4371	7575
5475	7576
217	7577
4387	7578
7842	7579
1369	7580
1095	7581
5862	7582
8358	7583
1361	7584
6755	7585
1576	7586
5672	7587
5573	7588
9641	7589
1172	7590
5290	7591
1819	7592
3322	7593
7583	7594
6090	7595
1991	7596
6092	7597
8652	7598
5978	7599
9629	7600
996	7601
9670	7602
2270	7603
9401	7604
8581	7605
6318	7606
2199	7607
6831	7608
3009	7609
3688	7610
5097	7611
6365	7612
1397	7613
7628	7614
9196	7615
5633	7616
3029	7617
6079	7618
3943	7619
3696	7620
2159	7621
1722	7622
4714	7623
243	7624
4794	7625
5211	7626
3092	7627
4992	7628
7753	7629
3126	7630
2811	7631
7944	7632
1932	7633
7394	7634
8067	7635
4965	7636
7425	7637
4954	7638
4102	7639
2532	7640
664	7641
5304	7642
1916	7643
4251	7644
7481	7645
9876	7646
3128	7647
5626	7648
8302	7649
6144	7650
2573	7651
7405	7652
761	7653
4043	7654
7350	7655
9782	7656
4143	7657
4448	7658
5885	7659
4696	7660
1720	7661
6497	7662
4621	7663
9769	7664
6829	7665
1590	7666
2346	7667
1919	7668
2040	7669
803	7670
7744	7671
2897	7672
6427	7673
2284	7674
3042	7675
8510	7676
7365	7677
5690	7678
7773	7679
8378	7680
275	7681
8075	7682
1202	7683
2840	7684
4412	7685
4575	7686
642	7687
2855	7688
2480	7689
1220	7690
4457	7691
3202	7692
8409	7693
3063	7694
594	7695
595	7696
1057	7697
3800	7698
4281	7699
5478	7700
1237	7701
2999	7702
3172	7703
4544	7704
3357	7705
5721	7706
8848	7707
7800	7708
3481	7709
2244	7710
1675	7711
8367	7712
1279	7713
6333	7714
4625	7715
2167	7716
4892	7717
5604	7718
3846	7719
756	7720
5168	7721
2770	7722
7076	7723
879	7724
2749	7725
1773	7726
4747	7727
1476	7728
8203	7729
5520	7730
3622	7731
511	7732
9318	7733
5932	7734
8764	7735
894	7736
299	7737
5684	7738
8188	7739
22	7740
5762	7741
7602	7742
665	7743
6443	7744
165	7745
6100	7746
3148	7747
3842	7748
966	7749
9572	7750
2681	7751
3867	7752
2795	7753
9669	7754
2038	7755
4494	7756
8106	7757
4107	7758
9771	7759
3106	7760
2143	7761
4801	7762
2730	7763
3783	7764
9322	7765
4626	7766
6419	7767
7490	7768
3485	7769
2294	7770
3718	7771
9476	7772
6065	7773
8434	7774
2993	7775
845	7776
8359	7777
1460	7778
632	7779
2359	7780
2060	7781
9772	7782
4112	7783
6867	7784
2620	7785
8539	7786
8541	7787
3333	7788
6247	7789
8754	7790
1118	7791
1480	7792
1955	7793
2026	7794
1588	7795
8904	7796
9493	7797
4298	7798
7905	7799
2426	7800
2888	7801
8169	7802
5379	7803
4436	7804
8760	7805
5931	7806
7075	7807
3012	7808
5529	7809
5569	7810
3668	7811
4990	7812
4555	7813
1448	7814
5380	7815
8941	7816
8817	7817
8868	7818
5832	7819
1451	7820
5752	7821
1491	7822
2351	7823
3238	7824
5495	7825
5698	7826
7348	7827
387	7828
5734	7829
9407	7830
9028	7831
7195	7832
247	7833
9089	7834
6980	7835
1728	7836
2017	7837
1303	7838
6147	7839
2831	7840
913	7841
9824	7842
1472	7843
728	7844
2108	7845
6985	7846
7071	7847
7696	7848
5023	7849
7876	7850
3792	7851
4770	7852
870	7853
9656	7854
1944	7855
9600	7856
8260	7857
213	7858
4288	7859
3194	7860
3814	7861
3873	7862
2506	7863
451	7864
2209	7865
7515	7866
3866	7867
2334	7868
9344	7869
6263	7870
5146	7871
3809	7872
405	7873
8625	7874
2858	7875
3939	7876
5242	7877
1927	7878
7080	7879
7501	7880
3731	7881
6865	7882
25	7883
1558	7884
321	7885
9286	7886
4138	7887
4401	7888
8834	7889
3191	7890
8472	7891
5602	7892
2200	7893
3027	7894
9173	7895
2783	7896
9340	7897
2444	7898
5196	7899
9657	7900
144	7901
9473	7902
4259	7903
4769	7904
6935	7905
282	7906
6	7907
8335	7908
3561	7909
2789	7910
1510	7911
8145	7912
5658	7913
5781	7914
4651	7915
4034	7916
4027	7917
4098	7918
4049	7919
6967	7920
3147	7921
5972	7922
9337	7923
5945	7924
4939	7925
2139	7926
5918	7927
9513	7928
4360	7929
7138	7930
9238	7931
8374	7932
1607	7933
8512	7934
296	7935
6471	7936
6149	7937
3544	7938
6425	7939
932	7940
8068	7941
2458	7942
7225	7943
6773	7944
6613	7945
4539	7946
711	7947
5487	7948
9065	7949
7648	7950
6947	7951
858	7952
934	7953
8606	7954
916	7955
2638	7956
189	7957
5305	7958
1560	7959
8617	7960
4556	7961
8453	7962
6943	7963
184	7964
6114	7965
502	7966
2425	7967
3296	7968
97	7969
6578	7970
1391	7971
5268	7972
5313	7973
4279	7974
2478	7975
7330	7976
3893	7977
4984	7978
6099	7979
3480	7980
4594	7981
3209	7982
1447	7983
3584	7984
3693	7985
5473	7986
2393	7987
22	7988
3972	7989
4059	7990
2124	7991
2476	7992
4542	7993
186	7994
9380	7995
3740	7996
3039	7997
3067	7998
4860	7999
6592	8000
7409	8001
6129	8002
3219	8003
5496	8004
2328	8005
3529	8006
1083	8007
9574	8008
1765	8009
8591	8010
7882	8011
5688	8012
9310	8013
8310	8014
5277	8015
312	8016
4715	8017
1440	8018
6795	8019
6326	8020
3503	8021
4498	8022
9809	8023
3617	8024
2643	8025
8319	8026
1289	8027
8645	8028
8725	8029
1628	8030
3377	8031
5581	8032
3457	8033
9540	8034
8124	8035
5606	8036
3613	8037
1497	8038
6327	8039
4960	8040
2336	8041
6679	8042
7487	8043
4702	8044
8662	8045
3183	8046
1791	8047
6047	8048
9100	8049
2277	8050
3080	8051
2793	8052
8749	8053
2097	8054
9145	8055
651	8056
8869	8057
7202	8058
6015	8059
4346	8060
2899	8061
1231	8062
2625	8063
7809	8064
8742	8065
4254	8066
3440	8067
4215	8068
1698	8069
4465	8070
7170	8071
4628	8072
8102	8073
8620	8074
1634	8075
481	8076
8908	8077
1837	8078
6580	8079
6392	8080
5205	8081
1970	8082
2654	8083
4837	8084
6369	8085
7612	8086
4993	8087
9550	8088
819	8089
2178	8090
8723	8091
5637	8092
4421	8093
2627	8094
4639	8095
1155	8096
7231	8097
292	8098
5296	8099
5907	8100
3929	8101
8999	8102
6914	8103
8056	8104
6481	8105
9654	8106
2719	8107
2496	8108
8870	8109
1266	8110
425	8111
785	8112
1904	8113
716	8114
8337	8115
8478	8116
1495	8117
41	8118
3618	8119
298	8120
6164	8121
5088	8122
6511	8123
7644	8124
4887	8125
9855	8126
6513	8127
6740	8128
5669	8129
2329	8130
5867	8131
2150	8132
7386	8133
9404	8134
6093	8135
6034	8136
1852	8137
8535	8138
7048	8139
5963	8140
9178	8141
7623	8142
1371	8143
378	8144
2194	8145
6214	8146
8273	8147
7183	8148
2801	8149
2436	8150
9388	8151
712	8152
4820	8153
2498	8154
3372	8155
6970	8156
8979	8157
2382	8158
9082	8159
1929	8160
3	8161
5926	8162
3367	8163
8913	8164
631	8165
6591	8166
4090	8167
1475	8168
4759	8169
174	8170
7861	8171
7816	8172
9634	8173
3745	8174
4205	8175
46	8176
5814	8177
8405	8178
8356	8179
1853	8180
3971	8181
8389	8182
7106	8183
514	8184
308	8185
7169	8186
6594	8187
7128	8188
539	8189
447	8190
828	8191
8466	8192
4934	8193
8680	8194
3957	8195
5177	8196
1640	8197
94	8198
5386	8199
9799	8200
9479	8201
7072	8202
9724	8203
3716	8204
7609	8205
9297	8206
4879	8207
7415	8208
5241	8209
8100	8210
331	8211
6996	8212
9210	8213
824	8214
4946	8215
8011	8216
7194	8217
2566	8218
1565	8219
9094	8220
4025	8221
3426	8222
5571	8223
7427	8224
9578	8225
41	8226
8372	8227
8298	8228
5550	8229
5161	8230
1305	8231
1719	8232
7349	8233
7663	8234
2559	8235
3876	8236
3541	8237
1527	8238
1951	8239
7804	8240
7021	8241
4273	8242
3388	8243
7990	8244
3919	8245
9209	8246
1403	8247
9577	8248
3207	8249
9263	8250
6813	8251
1649	8252
6885	8253
9667	8254
8105	8255
4923	8256
4238	8257
4962	8258
8309	8259
6039	8260
6081	8261
2973	8262
3711	8263
8182	8264
6248	8265
4337	8266
1851	8267
2433	8268
495	8269
8578	8270
6842	8271
7544	8272
7266	8273
696	8274
1225	8275
6018	8276
1389	8277
5289	8278
3107	8279
96	8280
4982	8281
2052	8282
6105	8283
2732	8284
7232	8285
5301	8286
8205	8287
6600	8288
8741	8289
8031	8290
4032	8291
27	8292
6862	8293
3542	8294
4688	8295
1493	8296
789	8297
1632	8298
9843	8299
6115	8300
6563	8301
8009	8302
8563	8303
4579	8304
8888	8305
6250	8306
886	8307
5674	8308
9010	8309
1384	8310
1398	8311
5896	8312
4148	8313
448	8314
5959	8315
2738	8316
9632	8317
6770	8318
1047	8319
5718	8320
8444	8321
427	8322
7086	8323
1109	8324
7522	8325
2714	8326
4069	8327
6532	8328
6293	8329
1222	8330
3881	8331
3894	8332
8456	8333
4698	8334
2624	8335
311	8336
7388	8337
782	8338
7687	8339
2816	8340
7364	8341
709	8342
7451	8343
8284	8344
4221	8345
5999	8346
6451	8347
5983	8348
8222	8349
7040	8350
2520	8351
8789	8352
8648	8353
3581	8354
9639	8355
8972	8356
1429	8357
1445	8358
5947	8359
1146	8360
3397	8361
5446	8362
8656	8363
8784	8364
1107	8365
9686	8366
7168	8367
2690	8368
6857	8369
1367	8370
8017	8371
4897	8372
91	8373
880	8374
234	8375
4133	8376
3434	8377
6992	8378
7888	8379
2254	8380
6439	8381
2322	8382
982	8383
2756	8384
9625	8385
7675	8386
1616	8387
5587	8388
4045	8389
3659	8390
3118	8391
7222	8392
6257	8393
7126	8394
5878	8395
9302	8396
2092	8397
1523	8398
1138	8399
3491	8400
4797	8401
5639	8402
1739	8403
7475	8404
1712	8405
8775	8406
7218	8407
1393	8408
4301	8409
9718	8410
9749	8411
7120	8412
6227	8413
1113	8414
2994	8415
3208	8416
8597	8417
3570	8418
9048	8419
6070	8420
5575	8421
3687	8422
1912	8423
4995	8424
3937	8425
2074	8426
5768	8427
6337	8428
7187	8429
3379	8430
1504	8431
5299	8432
3254	8433
5940	8434
2335	8435
9249	8436
1619	8437
7362	8438
8923	8439
3692	8440
7568	8441
5574	8442
3515	8443
9673	8444
7847	8445
2402	8446
4803	8447
5103	8448
2421	8449
7369	8450
9764	8451
1997	8452
8582	8453
6499	8454
4344	8455
5745	8456
9018	8457
3727	8458
5874	8459
8799	8460
6960	8461
9108	8462
8183	8463
5235	8464
8763	8465
3666	8466
1549	8467
4582	8468
3070	8469
4751	8470
3299	8471
7030	8472
3968	8473
3948	8474
8601	8475
7300	8476
1613	8477
9715	8478
8276	8479
4013	8480
6211	8481
9052	8482
4307	8483
3393	8484
7850	8485
8610	8486
2112	8487
2005	8488
454	8489
956	8490
8392	8491
2105	8492
169	8493
3003	8494
2098	8495
8540	8496
9135	8497
5869	8498
9024	8499
8773	8500
2799	8501
4734	8502
3482	8503
2626	8504
204	8505
1729	8506
9813	8507
5457	8508
7268	8509
7377	8510
4703	8511
2687	8512
1824	8513
6680	8514
1252	8515
4031	8516
9503	8517
6977	8518
449	8519
2519	8520
1342	8521
5142	8522
6546	8523
4586	8524
8949	8525
9291	8526
5662	8527
3517	8528
1351	8529
7419	8530
7981	8531
1283	8532
1302	8533
6342	8534
1374	8535
9276	8536
4443	8537
5106	8538
4711	8539
5108	8540
6850	8541
5993	8542
6465	8543
7667	8544
7038	8545
1346	8546
9257	8547
4738	8548
8422	8549
1201	8550
6341	8551
9561	8552
4257	8553
6232	8554
7157	8555
4266	8556
6946	8557
4798	8558
8762	8559
589	8560
9770	8561
8572	8562
8181	8563
5024	8564
2205	8565
2356	8566
5713	8567
3224	8568
2788	8569
5793	8570
8387	8571
4077	8572
6285	8573
5201	8574
8215	8575
4189	8576
4612	8577
8922	8578
8196	8579
8587	8580
4532	8581
7927	8582
2988	8583
2162	8584
6457	8585
715	8586
1366	8587
197	8588
287	8589
6630	8590
1503	8591
2214	8592
6567	8593
1622	8594
2470	8595
9379	8596
6346	8597
5355	8598
5195	8599
5641	8600
9468	8601
3449	8602
5502	8603
3935	8604
8043	8605
1408	8606
3562	8607
1189	8608
6763	8609
7171	8610
196	8611
1207	8612
6096	8613
3891	8614
1867	8615
2258	8616
49	8617
1787	8618
2210	8619
8777	8620
1587	8621
3583	8622
1355	8623
47	8624
4458	8625
4663	8626
2614	8627
6791	8628
3954	8629
1888	8630
9505	8631
4730	8632
5853	8633
1333	8634
18	8635
8769	8636
1310	8637
7517	8638
4944	8639
2502	8640
9006	8641
2882	8642
1359	8643
3340	8644
3499	8645
3152	8646
2156	8647
45	8648
2599	8649
1683	8650
7828	8651
6668	8652
4435	8653
5817	8654
5408	8655
4341	8656
402	8657
9570	8658
534	8659
3018	8660
4998	8661
2645	8662
4729	8663
7205	8664
7471	8665
4353	8666
3040	8667
1260	8668
4600	8669
1345	8670
7261	8671
5812	8672
6398	8673
1723	8674
1907	8675
2846	8676
1519	8677
9889	8678
7208	8679
7494	8680
3227	8681
1226	8682
9684	8683
6957	8684
5776	8685
3119	8686
6252	8687
8836	8688
6871	8689
5255	8690
6724	8691
157	8692
273	8693
877	8694
18	8695
826	8696
9308	8697
6583	8698
9932	8699
1463	8700
4656	8701
9627	8702
7697	8703
4067	8704
8927	8705
5127	8706
8935	8707
9560	8708
4983	8709
1962	8710
8320	8711
4872	8712
5265	8713
9933	8714
4409	8715
4935	8716
4426	8717
1934	8718
8403	8719
1150	8720
3122	8721
1442	8722
8958	8723
2985	8724
1709	8725
7965	8726
5267	8727
6132	8728
1376	8729
504	8730
7963	8731
9160	8732
3155	8733
5118	8734
9624	8735
547	8736
1947	8737
2158	8738
5441	8739
2629	8740
1946	8741
1862	8742
35	8743
43	8744
4889	8745
7361	8746
5800	8747
5453	8748
2224	8749
6087	8750
2752	8751
6163	8752
526	8753
8198	8754
2131	8755
1290	8756
7304	8757
4697	8758
4844	8759
3766	8760
2373	8761
1623	8762
1971	8763
4009	8764
7151	8765
8684	8766
3125	8767
4690	8768
3318	8769
2075	8770
5859	8771
6290	8772
1196	8773
3368	8774
3453	8775
3772	8776
8724	8777
5563	8778
2011	8779
3950	8780
5283	8781
8977	8782
9458	8783
1261	8784
4839	8785
6176	8786
3901	8787
238	8788
4578	8789
9126	8790
8915	8791
940	8792
1469	8793
5659	8794
6560	8795
7104	8796
385	8797
9697	8798
423	8799
5056	8800
5784	8801
8439	8802
6486	8803
7734	8804
7656	8805
4466	8806
2036	8807
7657	8808
8672	8809
3607	8810
8993	8811
912	8812
1067	8813
1900	8814
2551	8815
7165	8816
5892	8817
1650	8818
7874	8819
6615	8820
2309	8821
625	8822
2243	8823
7092	8824
7381	8825
1872	8826
4060	8827
1618	8828
9333	8829
6138	8830
5883	8831
6612	8832
1127	8833
4296	8834
7943	8835
6808	8836
7342	8837
1489	8838
9396	8839
8990	8840
366	8841
5542	8842
6812	8843
3432	8844
5702	8845
8115	8846
2711	8847
1320	8848
3041	8849
8200	8850
5541	8851
7640	8852
672	8853
4433	8854
4537	8855
5158	8856
1526	8857
1681	8858
6918	8859
773	8860
9923	8861
6590	8862
1239	8863
3380	8864
5119	8865
5647	8866
4940	8867
3411	8868
5468	8869
3446	8870
627	8871
9860	8872
5782	8873
3535	8874
411	8875
9329	8876
412	8877
1520	8878
6931	8879
2784	8880
1352	8881
7497	8882
801	8883
8796	8884
7925	8885
1360	8886
4318	8887
5134	8888
7259	8889
133	8890
4073	8891
9188	8892
976	8893
5027	8894
2117	8895
6611	8896
2489	8897
4866	8898
5099	8899
5566	8900
5152	8901
9378	8902
5017	8903
6767	8904
8092	8905
61	8906
3758	8907
641	8908
2403	8909
989	8910
6353	8911
4317	8912
1390	8913
9460	8914
2695	8915
1570	8916
2438	8917
1884	8918
5033	8919
1876	8920
3307	8921
7180	8922
3579	8923
1180	8924
9662	8925
7246	8926
3594	8927
7357	8928
4338	8929
6046	8930
6717	8931
2386	8932
7328	8933
6309	8934
8815	8935
2881	8936
7685	8937
6030	8938
6334	8939
654	8940
8199	8941
8185	8942
5640	8943
3032	8944
9714	8945
3526	8946
6157	8947
4277	8948
7113	8949
5666	8950
6080	8951
7235	8952
9343	8953
1639	8954
212	8955
1184	8956
8703	8957
1373	8958
4220	8959
7690	8960
4400	8961
3079	8962
9581	8963
3331	8964
4089	8965
6534	8966
4162	8967
358	8968
3490	8969
8079	8970
7607	8971
6251	8972
7279	8973
6300	8974
1200	8975
6133	8976
3712	8977
9752	8978
2177	8979
6	8980
9548	8981
2563	8982
2584	8983
5212	8984
9000	8985
1992	8986
6597	8987
601	8988
6041	8989
3326	8990
3218	8991
6271	8992
4474	8993
3263	8994
800	8995
9215	8996
795	8997
9643	8998
3833	8999
1854	9000
1635	9001
368	9002
1232	9003
6078	9004
2937	9005
6190	9006
6607	9007
6902	9008
3375	9009
137	9010
9760	9011
8132	9012
9472	9013
6677	9014
6305	9015
8998	9016
208	9017
5279	9018
6213	9019
576	9020
9328	9021
2487	9022
5815	9023
5788	9024
2826	9025
1530	9026
6037	9027
1740	9028
7968	9029
5074	9030
4700	9031
9068	9032
2951	9033
1941	9034
1535	9035
7883	9036
5485	9037
3089	9038
8402	9039
8212	9040
2061	9041
1521	9042
5443	9043
573	9044
8664	9045
3239	9046
7588	9047
8345	9048
202	9049
77	9050
1170	9051
2598	9052
5654	9053
5634	9054
920	9055
620	9056
2006	9057
1177	9058
8905	9059
9886	9060
4351	9061
1589	9062
2253	9063
4907	9064
3705	9065
8726	9066
8897	9067
9262	9068
1175	9069
4660	9070
6892	9071
9930	9072
6993	9073
9450	9074
9541	9075
8346	9076
4117	9077
2142	9078
4129	9079
5630	9080
4680	9081
6849	9082
1154	9083
9150	9084
5439	9085
8750	9086
3608	9087
3178	9088
4428	9089
286	9090
3223	9091
732	9092
7448	9093
6988	9094
2701	9095
1000	9096
9821	9097
3072	9098
9349	9099
9327	9100
6826	9101
1529	9102
4	9103
8018	9104
4141	9105
7548	9106
9392	9107
222	9108
735	9109
8083	9110
6533	9111
1339	9112
2407	9113
1005	9114
3335	9115
6209	9116
8950	9117
4015	9118
6442	9119
5777	9120
5560	9121
9545	9122
2879	9123
8696	9124
2237	9125
6688	9126
8058	9127
9131	9128
4685	9129
7877	9130
5026	9131
6746	9132
4752	9133
2280	9134
6505	9135
6455	9136
7416	9137
3531	9138
244	9139
8698	9140
9036	9141
3185	9142
5362	9143
3647	9144
7988	9145
5743	9146
7254	9147
3953	9148
5025	9149
2759	9150
6261	9151
8821	9152
8711	9153
9192	9154
3551	9155
4292	9156
8791	9157
7408	9158
7764	9159
9520	9160
9151	9161
7654	9162
8469	9163
5140	9164
3870	9165
2940	9166
3598	9167
8586	9168
2427	9169
6550	9170
1598	9171
6606	9172
8343	9173
9208	9174
9095	9175
8544	9176
9882	9177
6734	9178
5015	9179
3327	9180
6447	9181
6825	9182
2603	9183
6574	9184
7587	9185
2355	9186
1586	9187
3210	9188
1807	9189
6752	9190
5002	9191
7545	9192
228	9193
4167	9194
2275	9195
5884	9196
8522	9197
3433	9198
2922	9199
4710	9200
9868	9201
4430	9202
426	9203
6362	9204
8099	9205
7166	9206
2107	9207
5418	9208
1931	9209
9901	9210
6264	9211
375	9212
8787	9213
163	9214
2448	9215
928	9216
6657	9217
7134	9218
8060	9219
4973	9220
1147	9221
7948	9222
31	9223
5570	9224
5838	9225
2540	9226
2409	9227
4852	9228
2688	9229
6281	9230
6208	9231
2492	9232
5061	9233
981	9234
9422	9235
6170	9236
9666	9237
4091	9238
9042	9239
8340	9240
2302	9241
1052	9242
7122	9243
5121	9244
2808	9245
1957	9246
6089	9247
4456	9248
4302	9249
6012	9250
7840	9251
52	9252
4558	9253
3853	9254
525	9255
1485	9256
4332	9257
9339	9258
2880	9259
5795	9260
1008	9261
726	9262
8683	9263
1418	9264
830	9265
6354	9266
3671	9267
2015	9268
7514	9269
9767	9270
5538	9271
7162	9272
6624	9273
361	9274
285	9275
9848	9276
7906	9277
6407	9278
8776	9279
8483	9280
4124	9281
7098	9282
5411	9283
7383	9284
5336	9285
470	9286
6863	9287
9582	9288
3525	9289
5300	9290
7682	9291
7462	9292
4622	9293
5913	9294
6136	9295
6316	9296
8324	9297
7442	9298
5900	9299
6964	9300
7835	9301
6299	9302
8744	9303
3661	9304
9453	9305
1336	9306
4920	9307
2864	9308
5349	9309
9454	9310
658	9311
8845	9312
5920	9313
6876	9314
6642	9315
166	9316
206	9317
745	9318
8449	9319
5254	9320
5508	9321
1581	9322
5943	9323
84	9324
8956	9325
8792	9326
53	9327
2568	9328
2413	9329
7526	9330
8806	9331
9411	9332
2958	9333
784	9334
6839	9335
1806	9336
7347	9337
8825	9338
2923	9339
2128	9340
2240	9341
1727	9342
5936	9343
6417	9344
9694	9345
7837	9346
4760	9347
1199	9348
4340	9349
2574	9350
309	9351
1171	9352
7771	9353
3250	9354
7153	9355
3603	9356
7879	9357
29	9358
4157	9359
5314	9360
1262	9361
2640	9362
4637	9363
5771	9364
2575	9365
7992	9366
5113	9367
1762	9368
9579	9369
1484	9370
3103	9371
5306	9372
8546	9373
5070	9374
4762	9375
5930	9376
9681	9377
17	9378
3349	9379
9789	9380
7332	9381
71	9382
8136	9383
1608	9384
2796	9385
5747	9386
5644	9387
6280	9388
1690	9389
3419	9390
1163	9391
8443	9392
335	9393
903	9394
5996	9395
6410	9396
8892	9397
2023	9398
4646	9399
2622	9400
4217	9401
3134	9402
7599	9403
3580	9404
7732	9405
7712	9406
1746	9407
16	9408
5294	9409
8992	9410
4757	9411
2260	9412
3851	9413
6824	9414
637	9415
4619	9416
5044	9417
4576	9418
7823	9419
6372	9420
1753	9421
6596	9422
6221	9423
7393	9424
421	9425
2292	9426
1679	9427
1505	9428
3252	9429
4118	9430
1318	9431
9290	9432
3102	9433
9285	9434
2439	9435
9783	9436
345	9437
4464	9438
5831	9439
2002	9440
70	9441
3257	9442
2602	9443
1075	9444
2103	9445
6462	9446
9330	9447
2815	9448
8553	9449
9022	9450
92	9451
2388	9452
2029	9453
9607	9454
122	9455
9820	9456
1312	9457
3242	9458
5162	9459
9804	9460
346	9461
4359	9462
9595	9463
173	9464
4916	9465
6661	9466
7390	9467
145	9468
6517	9469
8317	9470
3568	9471
1307	9472
6498	9473
7219	9474
146	9475
1094	9476
8942	9477
8007	9478
340	9479
5764	9480
7507	9481
8567	9482
100	9483
2534	9484
6021	9485
5389	9486
7061	9487
8895	9488
900	9489
6868	9490
5133	9491
6075	9492
8291	9493
1459	9494
1886	9495
5904	9496
9663	9497
4926	9498
4950	9499
3927	9500
7103	9501
8859	9502
5540	9503
5590	9504
4186	9505
8035	9506
5769	9507
418	9508
4348	9509
4235	9510
5039	9511
2301	9512
4275	9513
4355	9514
6148	9515
93	9516
4411	9517
5979	9518
1543	9519
4052	9520
469	9521
3226	9522
8086	9523
733	9524
1106	9525
7173	9526
4671	9527
3952	9528
6555	9529
31	9530
6446	9531
5663	9532
7439	9533
7713	9534
131	9535
5128	9536
5699	9537
6401	9538
6610	9539
4643	9540
1768	9541
3407	9542
6875	9543
5317	9544
7210	9545
4722	9546
8843	9547
5612	9548
14	9549
2707	9550
6805	9551
6259	9552
4366	9553
4858	9554
8921	9555
3369	9556
6218	9557
603	9558
8126	9559
6685	9560
7956	9561
7678	9562
9247	9563
8988	9564
3268	9565
997	9566
9915	9567
4242	9568
3286	9569
7785	9570
5315	9571
72	9572
2283	9573
1356	9574
2588	9575
5736	9576
3889	9577
148	9578
7	9579
1914	9580
5009	9581
2118	9582
6466	9583
9877	9584
2172	9585
7025	9586
8394	9587
1066	9588
6158	9589
4377	9590
7417	9591
7915	9592
4880	9593
8227	9594
1754	9595
3175	9596
2866	9597
1906	9598
4490	9599
1494	9600
8502	9601
6728	9602
7351	9603
7756	9604
580	9605
3308	9606
7580	9607
7980	9608
1140	9609
226	9610
5209	9611
8580	9612
9402	9613
2259	9614
5180	9615
7036	9616
3211	9617
8900	9618
7982	9619
2709	9620
2941	9621
2702	9622
9652	9623
2175	9624
7724	9625
568	9626
9334	9627
24	9628
5854	9629
7039	9630
7206	9631
2560	9632
253	9633
698	9634
2001	9635
7336	9636
3898	9637
5657	9638
4541	9639
1273	9640
8410	9641
4624	9642
2431	9643
6663	9644
7692	9645
3557	9646
3819	9647
3082	9648
1364	9649
610	9650
7472	9651
7955	9652
4885	9653
1799	9654
8781	9655
159	9656
9101	9657
7630	9658
6598	9659
3413	9660
7695	9661
9459	9662
6530	9663
8366	9664
3756	9665
13	9666
3035	9667
7337	9668
6378	9669
4922	9670
2332	9671
4653	9672
9794	9673
9925	9674
5490	9675
9352	9676
923	9677
4964	9678
7512	9679
2552	9680
3285	9681
9277	9682
9428	9683
8824	9684
5735	9685
1276	9686
2725	9687
1241	9688
1274	9689
7373	9690
4843	9691
2104	9692
8269	9693
9763	9694
8214	9695
4247	9696
1785	9697
7479	9698
9502	9699
8054	9700
6694	9701
7952	9702
1427	9703
6068	9704
5797	9705
8484	9706
8705	9707
4684	9708
2595	9709
8813	9710
8217	9711
8268	9712
9170	9713
9536	9714
7910	9715
8300	9716
1847	9717
7190	9718
9172	9719
16	9720
3884	9721
5649	9722
6019	9723
2541	9724
4489	9725
6488	9726
1563	9727
2065	9728
3146	9729
3060	9730
2206	9731
7852	9732
9154	9733
5129	9734
681	9735
6811	9736
682	9737
9034	9738
3230	9739
6352	9740
7807	9741
6399	9742
8506	9743
3399	9744
629	9745
1153	9746
4827	9747
4951	9748
9869	9749
5192	9750
5861	9751
8425	9752
6559	9753
5665	9754
6229	9755
1349	9756
3427	9757
5879	9758
3131	9759
1648	9760
2223	9761
7117	9762
3817	9763
724	9764
6722	9765
7124	9766
8377	9767
20	9768
4419	9769
5259	9770
4824	9771
9531	9772
3662	9773
5079	9774
4289	9775
1046	9776
6375	9777
8295	9778
369	9779
4884	9780
7482	9781
888	9782
3903	9783
9180	9784
7395	9785
188	9786
6553	9787
5629	9788
1961	9789
1479	9790
5609	9791
2938	9792
8450	9793
8201	9794
2807	9795
4403	9796
1471	9797
6349	9798
6199	9799
2806	9800
704	9801
9351	9802
663	9803
5951	9804
2554	9805
2151	9806
7973	9807
5318	9808
2058	9809
9828	9810
8568	9811
9009	9812
6820	9813
7380	9814
4078	9815
9858	9816
7148	9817
9723	9818
8253	9819
3807	9820
1557	9821
118	9822
7541	9823
6769	9824
7636	9825
7964	9826
4841	9827
5577	9828
453	9829
4245	9830
3437	9831
4051	9832
5049	9833
407	9834
5063	9835
5970	9836
8383	9837
904	9838
2287	9839
5022	9840
687	9841
252	9842
8283	9843
6184	9844
5846	9845
6422	9846
8964	9847
2968	9848
9706	9849
2073	9850
4524	9851
9335	9852
7820	9853
5608	9854
5452	9855
413	9856
3596	9857
8893	9858
8406	9859
5406	9860
1967	9861
1583	9862
2154	9863
1433	9864
6107	9865
4776	9866
7970	9867
6920	9868
1296	9869
3255	9870
7457	9871
7023	9872
3595	9873
5744	9874
5273	9875
3812	9876
6071	9877
6756	9878
1718	9879
5329	9880
3576	9881
5504	9882
9185	9883
7898	9884
7851	9885
8837	9886
5733	9887
9551	9888
7579	9889
1444	9890
9058	9891
1513	9892
4029	9893
4487	9894
8157	9895
9642	9896
972	9897
3725	9898
7186	9899
1772	9900
2833	9901
7916	9902
4086	9903
175	9904
6374	9905
6061	9906
8338	9907
38	9908
4131	9909
722	9910
4530	9911
6833	9912
3090	9913
5308	9914
2639	9915
7619	9916
6329	9917
6492	9918
8016	9919
849	9920
7505	9921
6095	9922
3600	9923
4470	9924
2347	9925
4882	9926
1125	9927
9163	9928
9741	9929
892	9930
7056	9931
3951	9932
4047	9933
9231	9934
9462	9935
4549	9936
9397	9937
5004	9938
3508	9939
1633	9940
799	9941
8028	9942
2296	9943
6832	9944
8527	9945
2673	9946
4092	9947
3982	9948
4333	9949
1889	9950
5544	9951
8761	9952
5169	9953
4207	9954
9097	9955
3112	9956
6690	9957
7247	9958
6402	9959
6266	9960
3507	9961
6485	9962
1306	9963
5530	9964
4707	9965
4535	9966
3602	9967
1702	9968
7498	9969
384	9970
2946	9971
318	9972
7226	9973
4336	9974
38	9975
2952	9976
2111	9977
9007	9978
248	9979
8959	9980
5580	9981
5748	9982
8547	9983
4398	9984
8577	9985
835	9986
6777	9987
5351	9988
611	9989
7220	9990
6188	9991
9076	9992
727	9993
9140	9994
2115	9995
4945	9996
507	9997
3323	9998
4781	9999
8097	10000
